gray000000 0.020320 231.027771 166.558197 307.784058 265.951660
gray000000 0.013418 277.934631 276.768219 309.414978 319.328644
gray000000 0.011086 375.473206 258.553375 438.529907 308.852264
gray000000 0.010967 271.527039 282.188354 302.769043 306.012756
gray000000 0.002655 190.814056 269.497253 296.664520 342.504211
gray000000 0.001578 268.752167 284.860046 299.948212 336.262451
gray000000 0.001316 391.205627 267.550079 420.518921 319.140472
gray000001 0.528664 380.588715 260.874084 418.917389 288.358521
gray000002 0.835467 128.578262 336.545319 189.593857 384.949066
gray000003 0.666301 271.009644 280.065552 304.755737 307.030579
gray000003 0.001041 106.412872 248.821732 162.153351 279.708282
gray000004 0.420516 130.371811 305.490936 164.837051 330.127289
gray000004 0.026922 122.679512 300.962982 180.889343 346.494415
gray000004 0.005913 93.421387 291.077820 123.957443 310.102844
gray000004 0.004150 105.611954 303.048004 115.346130 315.839569
gray000004 0.004097 100.725517 288.198181 116.619026 313.932129
gray000004 0.003678 111.519165 291.967163 170.621155 333.444336
gray000004 0.003298 135.962646 312.552979 159.671204 323.572693
gray000004 0.002242 132.661392 312.529755 152.063858 331.954865
gray000004 0.002198 103.140587 296.954163 114.883110 309.541687
gray000004 0.001878 134.601685 312.943024 174.810242 333.484222
gray000004 0.001357 137.424774 300.984680 171.052429 321.563538
gray000004 0.001092 115.983124 302.037231 154.925903 321.571594
gray000005 0.989119 198.902145 288.541809 208.697220 296.412231
gray000005 0.093794 218.147873 225.687393 239.607407 234.125687
gray000005 0.053192 254.916077 237.401688 337.981140 287.515411
gray000005 0.049147 211.040237 227.089447 248.656876 245.065552
gray000005 0.024056 194.717728 294.471344 202.858627 299.914154
gray000005 0.019704 218.765533 230.552399 237.653046 239.420380
gray000005 0.018848 195.934998 292.088257 205.756561 297.027405
gray000005 0.018134 194.421432 229.023453 246.426376 270.235321
gray000005 0.016270 214.865585 230.895950 228.582230 239.648026
gray000005 0.016088 146.106689 264.370483 182.775543 290.558044
gray000005 0.012877 200.441772 283.802277 210.022308 293.996613
gray000005 0.009379 216.711319 234.261902 255.039413 254.129883
gray000005 0.006011 198.592789 292.425293 206.792130 301.796082
gray000005 0.005422 214.811081 226.878372 230.512833 234.057327
gray000005 0.005226 154.329590 284.538666 188.127350 331.698883
gray000005 0.005067 222.597427 278.185577 250.439224 296.773956
gray000005 0.003802 218.849976 218.242401 237.710815 225.994080
gray000005 0.002911 187.694077 296.048126 195.561295 300.466095
gray000005 0.002307 214.993607 224.226318 253.874741 237.879303
gray000005 0.002189 157.202042 270.312714 171.928268 282.749237
gray000005 0.001993 213.416214 238.158813 228.528610 249.330627
gray000005 0.001630 202.992035 349.338074 209.558624 352.738892
gray000005 0.001541 191.495361 236.505478 236.917572 253.406876
gray000005 0.001413 144.150894 272.507355 173.375961 295.579254
gray000005 0.001373 199.493591 231.945786 211.499847 241.661972
gray000005 0.001355 156.271683 259.215576 172.020035 280.450500
gray000005 0.001355 255.999832 222.495895 357.390472 326.544373
gray000005 0.001291 151.336990 260.003662 211.663742 307.147400
gray000005 0.001077 212.821869 232.154205 230.744354 255.484039
gray000006 0.340028 314.168274 273.313538 341.689148 294.717651
gray000006 0.117139 322.740479 276.106079 339.017639 290.671753
gray000006 0.003782 293.418427 268.135284 337.782379 304.283112
gray000007 0.853596 150.313446 269.874298 215.227478 314.601349
gray000007 0.013369 167.539551 266.188049 200.984253 310.151062
gray000007 0.008467 160.023438 230.789459 253.035095 326.735382
gray000008 0.379122 328.667389 256.896576 366.079803 310.321991
gray000008 0.013146 327.107483 270.914825 359.816284 299.638641
gray000008 0.001505 340.370544 244.832047 369.864258 293.565369
gray000008 0.001270 338.351471 276.386383 356.702789 305.471405
gray000009 0.620989 382.158203 260.888611 414.864807 282.567749
gray000009 0.010560 335.423462 295.388428 412.851013 331.839233
gray000010 0.052368 315.364410 300.199219 365.658905 354.916443
gray000010 0.041132 152.121765 167.951462 163.542023 175.090622
gray000010 0.008131 435.603485 281.272278 452.682465 318.776917
gray000010 0.007611 291.398468 271.468781 370.404938 342.498993
gray000010 0.006402 169.458481 168.871063 176.277695 175.571594
gray000010 0.006228 143.398865 163.695953 170.260895 181.715271
gray000010 0.005215 158.355453 176.942841 172.253220 183.641449
gray000010 0.005041 151.810150 175.049698 165.064117 185.014420
gray000010 0.005014 159.783951 169.530624 171.369766 177.458115
gray000010 0.004928 426.365601 259.423920 453.248840 335.810699
gray000010 0.004630 308.495605 293.449493 350.232178 341.571075
gray000010 0.003887 151.119980 163.016998 164.020493 170.117310
gray000010 0.003106 144.314362 172.201309 170.940735 186.673660
gray000010 0.002103 144.421967 169.044189 156.501373 177.969574
gray000010 0.001723 326.015167 309.220490 354.262848 339.937958
gray000010 0.001581 179.432648 267.525909 242.703552 351.656403
gray000010 0.001037 418.965607 228.007965 466.387787 365.627045
gray000011 0.634024 132.977264 229.565170 160.540070 257.699280
gray000011 0.001525 138.523560 236.194702 156.350952 252.348816
gray000012 0.941925 63.797447 260.200500 203.347168 339.097595
gray000012 0.005363 107.296951 230.819931 189.231094 365.383911
gray000013 0.882537 131.794388 331.423248 195.412918 394.555450
gray000013 0.004639 284.416077 120.623795 374.319458 279.362915
gray000014 0.681603 189.854080 234.415497 209.119858 245.956024
gray000014 0.003144 162.230423 233.906403 171.004990 238.913025
gray000015 0.512477 326.598785 287.001801 372.912506 329.328949
gray000015 0.080922 340.296326 295.296783 360.630615 325.579498
gray000015 0.002158 103.685257 274.941010 164.263809 328.306549
gray000016 0.851682 84.844757 230.850464 195.246124 363.076904
gray000016 0.022663 348.325928 267.555573 404.349060 329.064850
gray000017 0.230087 235.593262 290.687561 264.108826 355.797607
gray000017 0.121169 245.968628 291.561890 276.546387 357.209045
gray000017 0.066542 223.474808 282.484039 254.833054 347.402191
gray000017 0.046945 262.278137 289.908478 295.396423 340.609222
gray000017 0.011590 222.518341 271.125641 276.463989 360.654510
gray000017 0.010235 278.819397 291.390198 304.871460 335.659912
gray000017 0.001567 251.025833 267.943146 302.976807 360.217682
gray000017 0.001033 294.389801 232.806885 304.947723 242.215149
gray000018 0.315634 115.824989 294.529022 145.556046 322.448151
gray000018 0.011015 103.758354 291.500427 150.853546 330.761719
gray000018 0.001022 100.136490 267.586334 187.110489 333.959747
gray000019 0.013499 92.951691 266.633057 120.034988 326.047119
gray000019 0.006194 75.245300 271.600616 112.980225 319.301239
gray000019 0.004637 102.378174 266.599548 133.085693 326.528870
gray000019 0.002639 255.363632 117.989578 310.236450 157.503647
gray000019 0.002107 390.076508 204.479431 426.097137 260.586761
gray000019 0.001991 249.649673 142.101562 404.017029 278.471619
gray000019 0.001629 107.071434 292.325409 125.531654 324.323395
gray000020 0.934660 118.654243 259.375183 177.354950 323.556030
gray000020 0.002425 157.453003 132.800629 216.676636 172.714417
gray000021 0.530450 348.776489 310.443207 367.827332 349.868744
gray000021 0.009576 336.416199 313.675629 378.601746 345.764313
gray000022 0.791961 306.453247 292.643646 341.418335 319.882233
gray000023 0.874784 309.842590 274.355988 337.413208 296.596405
gray000023 0.002981 97.290977 164.338638 210.314880 254.612045
gray000023 0.001486 309.449799 279.263763 330.628998 292.628387
gray000024 0.751190 295.392548 285.191772 360.129913 332.044250
gray000024 0.008782 136.715424 91.487228 270.299194 193.078720
gray000024 0.001746 300.655609 274.513428 336.402008 347.161499
gray000025 0.011035 208.567535 152.044952 335.462372 253.381500
gray000026 0.908996 103.797150 274.790344 174.363281 316.579468
gray000026 0.001394 97.088425 293.871094 156.204391 320.286682
gray000027 0.301342 202.670197 211.391281 253.815765 287.358246
gray000027 0.005878 229.703796 132.183075 357.703003 353.369232
gray000027 0.005103 204.516006 201.327332 291.795197 328.852173
gray000027 0.002478 230.801651 189.019958 312.216553 303.202576
gray000027 0.001118 264.884003 133.793472 344.773102 220.420853
gray000028 0.562937 199.980209 277.554749 243.965683 354.704834
gray000028 0.042944 292.521301 303.494324 331.233704 357.143494
gray000028 0.001777 206.427246 304.339813 238.914246 371.047455
gray000028 0.001649 306.154785 316.804169 343.351501 370.201385
gray000028 0.001423 311.239807 252.597809 338.680115 305.819855
gray000029 0.812824 287.558533 259.565918 330.966064 300.009583
gray000029 0.001575 297.520325 267.451904 322.241211 296.683838
gray000030 0.677710 99.811081 213.507843 208.389206 330.765594
gray000030 0.001014 112.853210 232.667511 190.167328 301.428864
gray000031 0.829508 161.745255 328.405457 197.593552 355.386658
gray000031 0.029970 151.430435 318.636841 200.915787 363.296875
gray000032 0.598952 156.305450 238.098572 190.443420 268.355103
gray000032 0.003881 370.630310 326.945496 377.859192 336.007263
gray000032 0.001084 377.325500 321.072968 384.432800 329.596649
gray000033 0.054905 331.085724 207.382523 365.076569 233.619736
gray000033 0.024763 339.253540 187.622086 373.180908 241.208969
gray000033 0.021061 244.833023 118.890747 358.248352 242.369812
gray000033 0.004222 278.088379 152.958221 376.527222 263.856506
gray000033 0.003274 195.507492 230.718613 213.436783 245.194077
gray000033 0.002855 335.572662 211.255569 348.574860 229.696152
gray000033 0.002731 372.634766 238.455017 384.937866 250.031036
gray000033 0.002191 341.054565 213.514389 354.270020 228.156967
gray000033 0.001684 338.496704 199.756104 357.002686 229.305756
gray000033 0.001661 324.069794 178.802505 390.045624 255.128738
gray000033 0.001390 319.677124 223.082016 328.285278 231.616531
gray000033 0.001381 442.228790 240.821259 471.748260 290.605316
gray000033 0.001302 340.015076 207.335785 354.547974 221.625153
gray000033 0.001195 203.917755 206.169464 218.007782 219.967896
gray000034 0.808254 125.014229 237.686111 184.489105 294.118134
gray000034 0.002388 135.178146 247.905518 182.002243 279.557800
gray000035 0.401889 135.629181 224.728561 227.364044 329.990356
gray000035 0.012595 283.628357 312.127411 337.106934 371.260834
gray000035 0.004443 101.555321 233.403687 244.463409 422.765564
gray000035 0.002579 231.777573 304.453033 310.609375 368.379852
gray000036 0.967785 134.289154 245.438553 149.935242 255.113358
gray000036 0.003193 129.476532 246.435364 144.048218 253.885895
gray000037 0.882710 146.618607 327.144043 204.500320 387.515503
gray000038 0.666623 326.765869 285.994904 388.945068 381.837006
gray000038 0.019478 70.238556 246.075439 139.236206 352.033508
gray000039 0.032720 136.826508 318.030914 168.199982 363.584259
gray000039 0.009566 208.610046 241.879196 215.627747 248.150162
gray000039 0.004492 152.523621 314.087280 179.630127 352.513672
gray000039 0.001977 148.948959 313.967072 162.610184 351.096649
gray000039 0.001542 125.153267 309.530884 181.233704 358.336670
gray000039 0.001424 144.233932 314.842041 154.969284 350.811829
gray000039 0.001073 165.558533 320.471405 180.630310 357.924896
gray000040 0.838441 137.716782 222.127380 155.143204 250.618347
gray000040 0.004511 135.892700 222.970047 162.851837 264.972961
gray000041 0.557443 159.986984 255.737259 220.320145 306.627075
gray000041 0.015385 162.810242 239.346313 239.683502 328.405518
gray000042 0.838072 130.636108 273.670837 163.492737 298.178162
gray000042 0.036242 128.720398 270.921021 175.970215 309.714722
gray000042 0.006224 162.308624 273.009705 198.345673 318.536987
gray000043 0.628168 179.342438 226.292953 211.507080 294.760742
gray000044 0.513620 187.347656 268.372437 217.406952 315.077576
gray000044 0.023315 191.890823 275.044586 212.722946 302.155731
gray000045 0.850167 91.458344 249.188538 210.156464 357.123779
gray000045 0.014572 116.056808 243.579071 186.890457 331.983551
gray000045 0.002088 354.459991 161.893494 447.871124 251.182495
gray000045 0.001101 323.546326 150.417252 418.601379 264.431274
gray000046 0.524647 240.380264 196.832397 248.965591 208.428314
gray000046 0.162040 176.910385 239.531906 186.291580 246.783463
gray000046 0.044387 235.939438 187.082977 250.742294 211.222290
gray000046 0.005337 164.807297 157.966354 181.430832 184.785599
gray000046 0.004508 159.547516 157.922867 170.552765 172.046799
gray000046 0.004379 76.614197 171.459747 205.179504 356.958588
gray000046 0.002603 177.791656 235.620880 185.097687 243.487061
gray000046 0.002470 157.795105 157.688675 173.884125 185.412277
gray000046 0.002468 165.873550 156.251282 178.822311 174.117462
gray000046 0.001793 80.498688 229.020325 169.253845 313.726562
gray000046 0.001668 169.685867 239.168228 179.863144 247.731461
gray000046 0.001413 273.671997 182.911865 293.981567 211.764282
gray000046 0.001340 234.603943 193.517075 245.528503 205.086685
gray000046 0.001136 172.137863 235.939728 188.594803 252.537842
gray000046 0.001011 181.514969 240.470123 191.065231 247.239624
gray000047 0.410690 256.632599 288.630402 311.535431 374.819855
gray000047 0.010103 283.150970 242.560822 310.491608 285.232086
gray000047 0.001678 186.702316 237.037628 289.994812 307.762909
gray000047 0.001155 171.846222 221.224487 251.906616 269.394745
gray000048 0.005425 21.295818 360.385803 32.611671 368.307068
gray000049 0.848235 164.930298 272.782501 210.617554 315.679230
gray000049 0.001869 339.473389 200.283386 380.830872 234.184967
gray000049 0.001098 179.519257 280.797455 199.900452 315.316254
gray000050 0.806621 59.760979 248.115601 123.153908 294.688477
gray000050 0.006485 378.508698 179.475311 382.401947 182.550842
gray000050 0.006413 55.892155 261.447418 102.761658 289.287750
gray000050 0.003085 371.931549 176.935135 377.258514 181.559586
gray000050 0.001510 76.298920 254.071365 121.001022 282.544647
gray000050 0.001467 65.161369 248.575500 93.684868 305.046570
gray000050 0.001010 169.848389 281.830902 178.015381 287.720551
gray000051 0.607705 329.760651 277.158051 385.654327 340.684845
gray000051 0.007957 393.149353 240.218506 478.263733 309.644165
gray000051 0.001632 60.849777 272.393097 162.130692 337.376923
gray000052 0.580191 114.928574 192.879898 167.725266 234.098434
gray000052 0.485029 121.953888 203.337906 163.843109 226.172745
gray000053 0.082409 185.958542 152.537537 315.900330 251.434326
gray000053 0.013978 224.352493 144.473114 273.269470 258.007935
gray000054 0.871809 125.095306 244.145508 178.577057 289.032593
gray000054 0.002697 114.886765 225.328735 183.685715 306.879883
gray000054 0.002434 136.337296 261.341705 174.414383 285.764923
gray000055 0.767605 153.266861 232.526062 156.560318 235.123383
gray000055 0.703029 152.819626 230.306610 155.984512 233.433990
gray000055 0.041553 150.665802 229.428268 154.432617 233.134995
gray000055 0.037203 150.090271 232.246124 154.530945 235.203979
gray000055 0.001008 342.058502 226.061966 350.951752 231.180374
gray000056 0.632137 64.009613 246.442764 122.498169 291.728882
gray000056 0.052572 273.556580 303.368591 311.406372 329.098633
gray000056 0.004967 78.516418 249.559860 122.581253 276.099121
gray000056 0.003968 277.705444 288.234711 316.577637 346.093781
gray000056 0.003567 59.095181 263.452118 97.739456 287.487152
gray000057 0.964756 245.266037 217.320221 315.289246 252.343842
gray000057 0.001935 236.087784 234.327911 322.200806 310.124603
gray000058 0.771233 168.564667 221.835983 194.825958 272.688416
gray000059 0.953807 139.046005 245.840302 225.791214 355.179474
gray000059 0.047046 147.962769 269.684113 211.448792 332.865814
gray000059 0.001136 105.029030 197.953644 113.433098 209.085602
gray000060 0.605934 101.178642 228.474228 160.420059 275.685425
gray000061 0.586856 225.468918 315.740021 293.409027 367.238861
gray000061 0.001118 184.992264 289.353577 225.243301 336.805725
gray000062 0.769952 108.400536 293.566132 139.099823 323.494598
gray000063 0.463878 318.952545 273.715881 349.992401 301.664856
gray000063 0.073744 315.349335 270.096222 362.643585 315.886688
gray000064 0.964669 343.554718 166.269592 422.636505 270.339142
gray000065 0.816978 146.281723 293.245392 162.500351 304.910675
gray000065 0.005685 145.210892 299.268494 157.454483 312.103333
gray000066 0.030661 219.410843 255.806870 269.852478 305.903290
gray000066 0.021372 265.640472 238.384094 294.701874 287.902649
gray000066 0.019223 228.549149 202.373245 316.329407 326.504272
gray000066 0.014800 188.148010 102.528374 306.614838 210.144379
gray000066 0.006494 227.155945 268.151001 260.022522 315.282837
gray000066 0.003114 252.797409 239.810593 278.086945 285.505768
gray000066 0.002888 219.021439 241.840775 255.059250 265.259583
gray000066 0.001591 233.663925 268.806000 253.278732 301.800507
gray000066 0.001420 228.520691 240.895233 265.233032 291.723969
gray000066 0.001012 279.985748 242.691101 310.034393 289.675964
gray000067 0.506295 208.284302 349.952515 228.030518 370.437561
gray000067 0.007767 321.970093 378.430298 326.174683 382.072266
gray000067 0.004470 170.020660 379.619324 176.549225 384.676514
gray000068 0.034740 53.538589 154.130127 130.409531 252.494232
gray000068 0.032631 132.823746 153.829468 202.836746 311.158020
gray000068 0.016271 82.871582 185.074844 221.526215 286.075684
gray000068 0.008218 47.673218 141.966003 189.023224 330.800293
gray000068 0.002274 63.239796 178.399460 136.592102 230.509018
gray000069 0.419719 115.753250 216.316544 169.813919 268.271088
gray000069 0.031576 95.147957 198.364624 180.644135 289.682678
gray000069 0.007686 125.877357 223.331955 160.730347 257.550903
gray000069 0.001931 136.904419 214.717773 154.836029 271.658783
gray000070 0.967195 355.666260 330.019745 390.535706 351.503754
gray000071 0.026908 166.567719 354.212402 195.196960 373.843445
gray000071 0.013735 157.864517 342.260345 208.944229 376.498932
gray000072 0.488018 150.262619 276.965485 177.745590 322.289886
gray000072 0.001404 138.520264 283.082001 188.316162 328.039276
gray000073 0.373428 211.620728 164.732483 283.987335 207.384735
gray000073 0.088955 198.938507 220.725143 295.202393 330.594757
gray000073 0.069315 210.113434 177.413086 264.623688 201.098846
gray000073 0.009289 233.008423 186.969299 362.861938 354.075134
gray000073 0.002835 212.133331 198.278229 275.622986 289.722748
gray000073 0.002186 219.116302 153.598877 303.785553 193.653442
gray000073 0.001911 208.297424 174.684631 253.894745 192.065399
gray000073 0.001472 248.076233 227.195801 348.215576 320.992920
gray000074 0.006473 361.884583 290.238678 394.847839 335.051239
gray000074 0.003378 49.755852 434.021851 58.557487 439.858887
gray000074 0.001242 471.685822 425.744232 483.517609 431.639557
gray000075 0.379989 304.176117 280.166687 352.596100 375.941467
gray000075 0.001351 268.510986 268.078461 390.755798 385.837494
gray000076 0.967981 171.550385 107.685036 315.189270 298.365021
gray000077 0.002743 219.952423 175.217850 236.220093 187.927597
gray000077 0.001767 209.972015 173.417542 233.270325 189.052429
gray000077 0.001674 155.958160 126.642578 333.949890 221.021912
gray000078 0.706241 317.542236 225.181381 397.190247 310.982056
gray000078 0.041662 338.441132 237.982437 379.360687 310.192902
gray000079 0.474842 117.058838 68.140305 383.138245 333.776306
gray000079 0.004805 209.392700 105.508537 378.070801 259.517792
gray000079 0.003948 259.660217 236.712738 347.649292 312.898041
gray000079 0.003207 145.103745 109.629753 289.517578 263.498688
gray000079 0.001998 134.012054 159.314713 234.941010 245.129745
gray000080 0.511324 349.251404 253.226105 380.484741 330.931305
gray000080 0.050226 330.382507 251.884033 398.668518 331.590393
gray000081 0.957244 136.519470 263.220581 197.171234 321.297913
gray000082 0.260714 272.891998 282.773743 301.821259 307.825623
gray000083 0.377357 134.902924 329.134369 164.597046 379.982208
gray000083 0.242450 310.422089 317.580139 357.400848 368.822632
gray000083 0.015850 318.071136 326.888458 350.682709 359.890228
gray000083 0.014670 121.022446 313.107147 178.210007 384.786469
gray000083 0.004408 123.164848 341.807800 164.854141 369.721252
gray000084 0.755618 138.327515 222.995667 155.547363 251.193359
gray000084 0.004281 137.463135 224.124893 170.019806 266.025757
gray000084 0.003418 144.741104 221.949158 162.709396 250.825500
gray000085 0.953807 139.046005 245.840302 225.791214 355.179474
gray000085 0.047046 147.962769 269.684113 211.448792 332.865814
gray000085 0.001136 105.029030 197.953644 113.433098 209.085602
gray000086 0.956858 141.697220 238.348541 196.207169 289.322601
gray000087 0.935194 249.460983 132.094635 370.690674 244.904297
gray000087 0.182662 143.853470 127.004395 274.427490 236.023468
gray000087 0.009667 288.906647 140.867401 357.909210 228.349518
gray000087 0.002737 197.821381 109.938309 337.849335 261.460449
gray000088 0.409861 314.761292 211.883987 386.690063 273.962982
gray000089 0.710515 108.500549 255.727814 167.643036 315.132843
gray000089 0.002765 95.318085 244.036591 159.450165 343.983429
gray000090 0.228295 189.527771 217.555420 305.119202 328.054077
gray000090 0.008306 283.511749 281.115906 315.849030 338.604126
gray000090 0.007945 216.311096 253.094162 317.457153 339.674744
gray000090 0.005604 166.256119 197.193359 327.857117 384.838074
gray000090 0.005316 217.552063 251.559326 278.932159 310.219238
gray000090 0.001766 283.306091 299.230072 318.181274 320.940155
gray000091 0.950270 172.871674 119.841736 290.105988 295.115326
gray000091 0.004665 186.040817 244.456619 222.407700 285.242065
gray000092 0.315634 115.824989 294.529022 145.556046 322.448151
gray000092 0.011015 103.758354 291.500427 150.853546 330.761719
gray000092 0.001022 100.136490 267.586334 187.110489 333.959747
gray000093 0.593097 294.622589 213.264557 323.181915 274.576904
gray000093 0.105060 269.543488 186.463669 338.209137 288.148834
gray000093 0.020141 224.421371 211.516708 247.628067 279.642761
gray000093 0.006846 300.352325 217.986908 317.125092 258.117035
gray000093 0.005716 231.757996 217.964020 260.729187 277.654633
gray000093 0.004563 225.532623 126.814613 333.630890 343.960571
gray000093 0.002714 306.930450 216.631531 322.889618 259.720367
gray000093 0.002270 294.085541 216.130386 310.464020 258.079376
gray000093 0.001293 306.070038 207.676880 337.863007 263.827454
gray000094 0.108966 327.958588 267.532227 363.774445 319.705566
gray000094 0.107699 322.607147 280.144653 363.454620 305.090637
gray000094 0.044504 164.185272 280.109589 178.306549 293.122406
gray000094 0.014289 158.110321 273.850098 176.602600 299.175842
gray000094 0.001078 319.164124 253.991455 369.825989 340.853943
gray000095 0.842121 138.327866 248.407791 186.370132 291.909363
gray000095 0.003417 151.530151 250.006485 174.261047 289.024048
gray000095 0.001354 16.690811 437.891541 28.263660 448.600830
gray000096 0.664316 368.849213 249.967209 416.730927 290.822845
gray000096 0.015781 383.009460 256.053650 405.427368 287.352112
gray000096 0.001243 335.437836 242.157257 403.145660 304.925446
gray000097 0.754356 389.789246 317.961395 424.420410 350.030914
gray000098 0.558337 193.376419 242.736984 248.795578 325.582275
gray000098 0.029341 220.441620 221.626923 323.887665 336.689240
gray000098 0.005990 280.078552 274.514862 315.614563 318.795380
gray000098 0.004150 286.886200 223.702057 337.750580 272.856140
gray000098 0.001875 175.564651 214.192993 228.497665 254.315430
gray000098 0.001777 269.966125 233.946472 329.363220 325.881226
gray000099 0.058520 53.848583 236.988434 125.967682 287.779572
gray000099 0.003108 367.641754 168.434296 426.355804 233.854858
gray000099 0.001443 65.049011 201.584824 138.409607 293.920715
