gray000000 0.001064 454.521942 366.720795 512.000000 512.000000
gray000001 0.809321 369.364960 256.374084 426.588470 301.018982
gray000001 0.015436 385.025085 261.437561 410.493408 289.935120
gray000001 0.008103 351.532806 257.758759 440.612091 325.248810
gray000002 0.029423 129.787888 348.294708 178.334702 378.955536
gray000002 0.001575 121.865524 336.250488 208.278427 386.216858
gray000002 0.001124 137.470093 345.190460 160.010895 373.241364
gray000004 0.799241 131.256470 302.069336 163.423401 335.660278
gray000004 0.006047 133.751312 323.686371 149.567291 337.270782
gray000004 0.003440 344.261749 493.631378 380.731537 512.000000
gray000004 0.001863 140.896423 358.279510 157.092255 373.582916
gray000004 0.001808 140.288345 322.910126 155.765762 337.625946
gray000004 0.001530 127.170341 315.731812 142.018066 332.886047
gray000004 0.001182 121.446686 305.418640 148.241913 330.914856
gray000005 0.040157 200.837234 287.012451 208.719162 297.902832
gray000005 0.006285 197.952332 285.619629 211.888916 299.793091
gray000005 0.001141 178.742844 354.853973 186.630447 360.163666
gray000006 0.809133 314.760040 274.545258 340.188202 292.094391
gray000006 0.072440 73.952026 47.149002 407.104645 499.897461
gray000006 0.013014 205.040100 279.026825 211.661133 290.868866
gray000006 0.011531 461.449707 357.709656 510.789917 510.588074
gray000006 0.006707 142.065262 146.651276 337.442200 394.227203
gray000006 0.001673 204.956116 278.532440 217.901825 292.603607
gray000006 0.001175 209.014893 166.137177 396.336975 443.803864
gray000006 0.001168 240.688080 224.121033 370.288483 382.608093
gray000008 0.001517 286.696777 251.929153 338.920288 305.895386
gray000009 0.187368 376.126038 260.349457 414.869690 283.104279
gray000009 0.006897 366.135956 254.473267 420.598969 297.376282
gray000009 0.002373 347.550995 291.601196 366.957062 309.078186
gray000009 0.002124 349.106537 286.808838 366.197906 301.357300
gray000009 0.001544 370.807953 267.993774 393.952484 286.745789
gray000009 0.001469 343.810089 282.652557 380.180511 314.015533
gray000010 0.009354 140.959396 286.404907 176.098099 337.815735
gray000010 0.001402 112.838387 360.968719 120.514885 367.620819
gray000010 0.001124 181.637695 65.482491 190.521759 71.608620
gray000011 0.626293 128.839264 230.182037 166.136536 257.051575
gray000012 0.003821 81.569214 218.096100 331.634857 387.406403
gray000012 0.001385 2.448116 343.677246 44.483410 512.000000
gray000012 0.001003 24.959946 241.334976 260.466370 361.797546
gray000013 0.038651 160.908646 300.840515 203.143234 336.102844
gray000013 0.015174 128.383133 290.734528 215.032425 371.475128
gray000013 0.005569 445.036926 358.250946 505.205566 512.000000
gray000013 0.005211 141.376694 339.214172 196.470200 379.471497
gray000013 0.002850 162.648102 277.826263 315.374176 401.219635
gray000014 0.530191 188.640686 235.280533 208.829651 248.992050
gray000014 0.001796 185.730881 231.092224 215.297806 254.241547
gray000015 0.443658 330.453033 293.731842 370.153839 326.403778
gray000016 0.899341 93.749817 243.397491 203.326416 348.605927
gray000016 0.003082 62.699036 233.304459 226.186066 413.403442
gray000017 0.131230 218.291626 300.535889 283.112762 357.672119
gray000017 0.006758 191.975449 299.776123 233.188736 335.169861
gray000017 0.006323 236.748032 321.342743 272.608795 361.381805
gray000017 0.005312 205.940063 291.964478 313.482971 368.769165
gray000017 0.001709 201.825058 302.933868 222.325333 330.902252
gray000017 0.001412 233.281876 271.887054 258.371735 287.218048
gray000017 0.001084 243.904480 327.245483 266.471222 354.799072
gray000018 0.099158 106.622559 295.748993 145.695023 326.719635
gray000018 0.002225 108.498253 305.964142 130.180817 325.814178
gray000018 0.001987 150.436478 305.059387 158.843094 312.356262
gray000018 0.001564 146.442322 305.067261 154.993073 312.823914
gray000019 0.007906 438.905792 366.023315 503.744354 507.331787
gray000020 0.978900 111.006485 259.731354 188.189133 325.794952
gray000021 0.923543 342.650604 313.526794 373.918304 343.128235
gray000022 0.359170 304.265228 289.413300 362.288849 318.476471
gray000022 0.005715 310.727722 291.459564 340.709229 316.496674
gray000022 0.001888 286.857697 276.879822 378.950409 337.334106
gray000023 0.938535 308.902832 272.212280 340.335449 297.147705
gray000023 0.001424 303.577820 263.732788 348.400269 306.951416
gray000025 0.004218 181.089157 335.096436 187.039871 341.950195
gray000026 0.001052 75.230011 264.587402 204.658020 351.615417
gray000027 0.004620 251.091309 271.072174 268.698975 284.648895
gray000028 0.003754 153.634399 259.831299 265.067078 356.773743
gray000029 0.416834 289.758179 263.681274 331.910156 294.965759
gray000029 0.007868 262.952728 236.635666 351.995331 307.804810
gray000029 0.001137 356.639465 231.460800 372.020264 245.593399
gray000030 0.009567 85.996719 211.561111 213.220078 333.903198
gray000031 0.962326 159.628540 325.351685 199.900604 359.626831
gray000031 0.066488 437.839447 361.582642 505.994110 512.000000
gray000032 0.835352 153.108658 237.803665 196.964249 273.215271
gray000032 0.007640 186.855286 305.766205 201.882477 323.184418
gray000032 0.007409 136.900635 232.001221 208.217560 288.921753
gray000034 0.498393 115.593109 221.871094 186.765411 278.247498
gray000034 0.009184 90.998444 205.677338 202.709778 291.999023
gray000034 0.001628 129.638412 222.466278 182.520950 256.405731
gray000034 0.001245 141.147949 231.644653 172.266266 256.410736
gray000035 0.913124 136.962677 226.323288 230.566376 303.396790
gray000035 0.016616 148.125885 242.352676 214.768616 281.754761
gray000035 0.003154 109.678238 212.642365 253.667068 372.711639
gray000035 0.001701 53.532257 135.722458 301.521912 408.468811
gray000036 0.659412 135.870682 245.252335 148.504898 255.001846
gray000036 0.072434 133.188965 243.122345 151.636017 258.010071
gray000036 0.008789 141.755920 266.495148 155.593781 274.690643
gray000036 0.001345 145.922516 267.157318 162.949738 274.669525
gray000037 0.931742 141.430023 325.286011 209.002472 387.247925
gray000037 0.001559 119.270615 293.515503 227.140793 406.584656
gray000038 0.925978 316.915405 294.234253 399.263062 372.779907
gray000038 0.023692 328.409485 309.721069 387.257080 358.907227
gray000038 0.001864 302.703186 254.102631 418.086548 384.426117
gray000038 0.001356 209.070526 194.211166 512.000000 474.648071
gray000039 0.116100 47.544899 187.257294 226.531158 358.987885
gray000039 0.010362 61.312935 212.273575 186.802704 320.028320
gray000039 0.007641 62.700428 168.225708 173.242218 263.361023
gray000039 0.005862 34.844475 275.178894 176.074738 398.825745
gray000039 0.005419 83.273758 191.299103 160.490692 244.436554
gray000039 0.005321 192.935074 292.370026 240.575546 324.444061
gray000039 0.001887 74.565018 250.759262 197.995316 345.108093
gray000039 0.001198 46.347363 305.937622 131.316849 382.188599
gray000039 0.001071 14.453232 220.011505 277.861389 446.730438
gray000039 0.001025 103.573288 272.291565 168.397354 326.265076
gray000040 0.139333 129.566742 222.252548 173.856232 254.582901
gray000040 0.006132 124.095528 214.581406 180.962708 272.974091
gray000040 0.003476 98.652908 200.888977 195.245041 286.125244
gray000041 0.043874 153.901901 239.922592 244.674271 311.249725
gray000041 0.029360 175.172089 247.102951 228.143982 287.919769
gray000041 0.002407 404.352692 437.081879 441.069427 505.840790
gray000041 0.002337 201.148987 234.434906 348.209412 376.574005
gray000041 0.001661 132.309662 221.319855 272.259857 329.400177
gray000041 0.001378 392.946442 275.706177 404.402679 293.660767
gray000042 0.004851 129.694092 242.051971 347.152832 434.769318
gray000042 0.002428 6.851715 321.803711 73.638901 512.000000
gray000043 0.495345 389.268951 299.213348 405.751434 312.866119
gray000043 0.004228 384.247833 289.484375 409.772552 315.058044
gray000043 0.001860 158.984482 240.905212 220.760208 290.893433
gray000044 0.341134 173.631256 273.492737 222.744781 309.621094
gray000044 0.033564 200.851822 262.334045 331.169678 360.523865
gray000044 0.029055 148.331757 258.191620 252.232086 336.953278
gray000044 0.003903 354.939240 123.311768 389.738129 152.062592
gray000044 0.003546 184.378174 272.203369 212.451630 302.337830
gray000044 0.002599 156.603119 249.299835 378.564117 410.431732
gray000045 0.870932 100.189209 255.132217 199.007202 343.434021
gray000045 0.016090 243.229767 207.232712 253.629272 219.711258
gray000045 0.004620 108.627350 292.511444 197.067108 359.308563
gray000045 0.001541 316.326752 132.514755 337.428680 149.653244
gray000045 0.001493 32.136497 181.812515 258.816559 424.683289
gray000045 0.001196 241.357010 204.740326 258.283661 222.997528
gray000046 0.039128 68.615829 217.399323 163.207916 339.130402
gray000047 0.807555 251.834503 320.190216 310.625214 367.696625
gray000047 0.010597 269.592163 333.613434 297.900085 361.592804
gray000047 0.007184 208.674988 311.630920 260.304626 343.953491
gray000047 0.001541 197.673370 303.790863 299.513031 366.248749
gray000048 0.001380 323.376190 284.009766 330.235260 291.374573
gray000049 0.759100 161.437027 269.364929 212.818497 313.988831
gray000049 0.007538 176.391800 272.578583 197.361893 312.587799
gray000049 0.005795 163.237549 266.230865 203.004913 291.336639
gray000049 0.001579 144.046066 259.914551 246.743546 331.876953
gray000050 0.975464 58.749172 251.028198 125.521408 290.143677
gray000050 0.003225 79.212517 252.446915 104.934471 287.467804
gray000051 0.307576 316.475098 279.445282 384.264954 339.893341
gray000051 0.005179 182.833328 208.515274 229.131821 247.243088
gray000051 0.003146 285.445435 254.427643 406.321289 358.018280
gray000051 0.001983 352.880951 280.173065 395.034943 323.544464
gray000051 0.001597 135.144348 196.893463 273.442627 353.471649
gray000051 0.001172 346.309418 291.310364 366.259979 327.098145
gray000051 0.001019 174.491730 194.140121 235.106384 267.458496
gray000051 0.001001 172.444717 253.696014 226.270096 309.099762
gray000052 0.829965 118.041481 193.562775 167.785934 232.421814
gray000052 0.066698 108.048843 184.371307 181.036484 244.636597
gray000052 0.045086 129.528809 198.295090 155.066803 228.354446
gray000052 0.002272 170.766876 194.161972 205.494019 217.013504
gray000052 0.001337 140.407547 192.335663 206.881393 231.487030
gray000054 0.031495 119.582077 223.363678 181.640884 276.456024
gray000054 0.002492 91.369446 224.890991 198.570251 299.540955
gray000054 0.001152 152.853989 266.979706 176.285660 286.605804
gray000055 0.700718 152.606262 231.094681 157.917847 235.885178
gray000055 0.081503 462.423157 371.763367 510.584045 504.037537
gray000055 0.008152 150.491440 228.829178 159.994583 239.167496
gray000055 0.003738 148.551117 227.708618 157.125702 236.460785
gray000056 0.972289 63.330639 247.657043 119.568527 287.435120
gray000056 0.014588 79.194748 251.514343 104.671982 283.995483
gray000056 0.002132 311.480103 290.268890 342.347473 309.845367
gray000057 0.001478 460.563873 408.777557 512.000000 512.000000
gray000058 0.968325 159.719421 228.619141 205.833130 270.049683
gray000058 0.015622 172.832535 224.398285 190.097733 269.749054
gray000058 0.006867 144.621506 215.155487 214.874527 282.901917
gray000059 0.906088 135.334244 265.619934 216.193405 335.832642
gray000059 0.001287 30.746414 129.755692 322.272766 478.249146
gray000060 0.736469 99.875809 229.293442 163.498764 276.612366
gray000060 0.008260 80.944000 195.231155 186.548462 305.230530
gray000060 0.001965 121.130165 234.120667 142.794601 270.645081
gray000061 0.789516 224.711060 306.922485 295.428284 373.229309
gray000061 0.009875 181.082077 273.949524 225.540634 345.875061
gray000061 0.001405 153.764496 259.863464 259.245728 357.311340
gray000061 0.001203 193.672363 286.179199 227.579926 329.327881
gray000062 0.746545 105.758492 293.652466 139.217804 321.692688
gray000062 0.004387 460.128693 363.218597 512.000000 508.433868
gray000062 0.002685 192.909775 281.642303 205.500900 301.099030
gray000062 0.001435 254.671402 223.741547 357.939911 373.442352
gray000062 0.001346 284.908081 253.939102 344.532593 337.188416
gray000063 0.504126 317.401703 278.654938 351.198883 302.219574
gray000063 0.003210 314.674164 268.016876 353.734100 314.773224
gray000063 0.002786 101.156433 109.344849 119.931366 128.214447
gray000064 0.905305 336.417297 167.241058 440.610962 253.732422
gray000064 0.003958 362.933044 188.072876 413.373047 236.875092
gray000064 0.001381 251.555527 76.469772 512.000000 340.484070
gray000065 0.886125 146.390900 289.543396 164.061493 302.466370
gray000066 0.117490 208.533569 271.200470 252.050385 302.848907
gray000066 0.026999 199.727173 269.928619 270.660553 323.329926
gray000066 0.013596 207.894775 278.628296 234.370239 304.100037
gray000066 0.010717 265.051147 334.155090 300.599792 358.667908
gray000066 0.007498 233.764084 294.860992 273.426971 318.798737
gray000066 0.001904 224.831726 286.649109 277.498444 331.082275
gray000066 0.001018 240.327835 281.309357 284.139771 318.466095
gray000067 0.853760 206.859222 349.844208 230.060730 370.065216
gray000067 0.001026 414.991730 428.914490 512.000000 512.000000
gray000068 0.313370 49.992565 186.318649 117.654327 240.358932
gray000068 0.003363 20.945564 164.580383 140.737366 259.891113
gray000068 0.002010 41.989040 183.210449 83.705170 242.636078
gray000069 0.739301 122.192139 222.065857 163.866089 265.346283
gray000069 0.032945 132.565063 224.984818 152.955719 262.298981
gray000069 0.018445 105.096954 212.050446 176.696655 276.312653
gray000070 0.792155 356.588287 328.633240 392.119904 352.403992
gray000071 0.027636 139.911713 338.669403 170.506561 362.778595
gray000072 0.426698 138.170975 279.366486 196.143387 325.192535
gray000072 0.336074 123.989113 271.871277 209.129517 342.126648
gray000072 0.009832 105.629852 255.201614 232.453796 360.367737
gray000072 0.003309 154.205475 285.648071 177.175018 317.117676
gray000072 0.002752 102.834488 217.402069 379.158447 455.098114
gray000073 0.068112 212.573395 139.276932 307.906342 225.807968
gray000073 0.015974 265.492828 182.890350 390.475861 290.940948
gray000073 0.010921 171.188660 208.107788 303.710663 337.810608
gray000073 0.003423 189.435791 133.851959 333.998840 267.951263
gray000073 0.002861 162.634247 147.622940 377.468719 338.206848
gray000073 0.002221 190.629623 228.034958 276.555847 305.476807
gray000073 0.001634 109.647385 105.802505 441.925903 380.691223
gray000073 0.001578 289.883301 187.496399 368.441772 253.542023
gray000074 0.003115 194.270798 137.186127 265.804932 161.220184
gray000075 0.969287 296.309021 289.636047 363.327148 363.940186
gray000075 0.016454 184.676392 504.842621 223.730225 512.000000
gray000075 0.007843 281.211182 502.999298 334.406982 512.000000
gray000075 0.002691 166.712448 494.542694 236.229935 512.000000
gray000075 0.001664 238.993668 283.346191 254.729874 297.993835
gray000075 0.001172 273.506104 252.852081 383.505005 383.813568
gray000076 0.438398 169.750977 113.668404 318.666107 258.249664
gray000076 0.001746 148.930771 37.791183 398.614502 262.227173
gray000076 0.001430 138.682556 145.514084 340.343903 320.520081
gray000078 0.778204 313.908386 231.624115 405.458557 302.342499
gray000078 0.020039 329.990234 238.931717 387.579407 283.785309
gray000078 0.001148 224.051758 131.365509 509.988403 410.546967
gray000079 0.012141 84.667572 48.014343 398.673523 372.164703
gray000080 0.751030 331.560791 255.213257 398.668701 333.630920
gray000080 0.002396 345.069489 247.739716 372.272552 338.075470
gray000080 0.002236 311.427643 230.311127 419.155182 340.340607
gray000080 0.001444 335.612396 255.194962 378.911163 297.820984
gray000081 0.153238 139.203613 269.697174 202.517090 315.569977
gray000081 0.005354 121.779495 246.174133 215.914444 325.740295
gray000081 0.001125 157.923187 275.850891 186.771301 308.084961
gray000082 0.001414 141.772919 254.415756 154.313507 262.269043
gray000082 0.001090 148.798752 248.967346 271.573242 365.367859
gray000083 0.874524 128.052399 333.397308 169.604156 378.498932
gray000083 0.026797 138.615112 336.016144 158.346527 376.206879
gray000084 0.001458 129.809082 219.048218 175.808960 255.388824
gray000085 0.906088 135.334244 265.619934 216.193405 335.832642
gray000085 0.001287 30.746414 129.755692 322.272766 478.249146
gray000086 0.412798 132.256836 230.443909 200.227356 288.596191
gray000086 0.008729 103.767975 212.802780 232.152496 312.369324
gray000086 0.004199 140.845703 190.290024 339.696869 418.491882
gray000087 0.677182 168.548401 114.077217 371.261230 237.782349
gray000087 0.048001 99.726547 73.942360 396.412292 282.095154
gray000087 0.008319 214.104126 139.596695 346.355530 223.547623
gray000087 0.002996 145.980438 129.479111 255.528503 236.913803
gray000087 0.001269 168.027481 147.703857 368.373169 327.787781
gray000087 0.001043 302.078613 308.854340 310.833496 321.412689
gray000088 0.603009 316.325500 216.202347 393.218933 277.556213
gray000088 0.017393 300.782043 195.180923 411.770996 294.340759
gray000088 0.001437 186.257614 101.603912 205.841782 114.707291
gray000089 0.873637 104.641312 261.097900 174.053574 310.429199
gray000089 0.003030 91.744240 249.010086 187.220581 338.919159
gray000089 0.001431 129.378754 269.133698 151.673981 301.244537
gray000090 0.008884 222.723724 224.840240 378.766510 326.399567
gray000090 0.003335 443.909821 349.037476 506.361420 512.000000
gray000091 0.309068 170.980438 226.357544 240.718262 282.200562
gray000091 0.021500 137.699982 125.143173 336.420227 306.298462
gray000091 0.016819 139.032471 188.396652 277.909668 301.551880
gray000092 0.099158 106.622559 295.748993 145.695023 326.719635
gray000092 0.002225 108.498253 305.964142 130.180817 325.814178
gray000092 0.001987 150.436478 305.059387 158.843094 312.356262
gray000092 0.001564 146.442322 305.067261 154.993073 312.823914
gray000093 0.005893 69.467499 115.253151 416.468964 367.073669
gray000094 0.003645 328.849884 277.756653 366.457977 310.433105
gray000095 0.957404 140.470215 251.312149 196.299957 287.834991
gray000095 0.023536 154.978607 252.022720 176.111542 286.408875
gray000096 0.635012 377.642639 258.429016 413.633484 284.535461
gray000096 0.007501 369.488953 251.309799 416.960754 297.657196
gray000096 0.003279 147.240189 295.021851 198.875961 335.394165
gray000096 0.001872 143.480988 233.972015 338.939117 435.262665
gray000097 0.965208 388.555054 312.093445 423.914917 351.603455
gray000099 0.460976 61.876297 242.541092 124.091003 289.539703
gray000099 0.191010 222.262955 278.508484 236.488480 295.471191
gray000099 0.014941 50.827637 229.580505 148.046982 300.528259
gray000099 0.010424 215.955063 278.695251 241.410873 301.060364
gray000099 0.001139 77.642319 253.930222 109.928635 280.668762
