gray000000 0.037995 197.995880 286.179169 280.989380 378.373688
gray000000 0.002561 192.186417 194.224762 302.618896 366.110748
gray000000 0.001599 224.505585 301.361877 264.963379 361.220276
gray000000 0.001070 190.447617 190.142883 250.820724 252.072540
gray000001 0.946253 378.644531 256.100586 419.010681 287.461914
gray000002 0.985625 132.709335 332.578186 195.756271 387.209961
gray000003 0.950843 270.884766 275.478210 302.389343 307.404602
gray000004 0.910897 124.566193 303.081604 162.447479 335.507202
gray000005 0.458363 201.081818 286.414001 208.778137 300.238342
gray000005 0.026421 211.836288 348.618530 217.255386 353.729187
gray000005 0.026297 218.029831 349.053223 224.186966 354.662903
gray000005 0.009687 198.776093 283.719177 210.926636 303.253540
gray000005 0.005180 217.819626 351.564697 224.450027 357.261536
gray000005 0.002262 179.865234 356.453857 184.967834 360.578003
gray000005 0.002059 306.495117 353.974945 312.021423 357.769440
gray000005 0.001673 195.613190 357.094147 200.916260 362.294403
gray000005 0.001381 193.742889 359.973175 200.764709 365.579803
gray000005 0.001357 179.615662 296.817017 186.586487 302.037231
gray000005 0.001148 297.634277 349.067657 302.659546 353.191986
gray000006 0.803128 315.556793 273.662109 340.804779 293.044983
gray000006 0.298407 205.656189 279.584747 211.545502 289.585358
gray000006 0.021006 138.475266 125.028885 396.831421 428.008850
gray000006 0.015080 203.917648 276.652191 213.229691 292.738983
gray000007 0.884302 151.019989 267.092987 211.683228 315.977325
gray000008 0.062758 333.496643 264.099426 363.747559 305.028687
gray000008 0.006035 336.852051 281.725891 358.861572 301.718384
gray000009 0.855355 381.144287 260.268585 415.059143 280.256378
gray000011 0.803626 135.492691 226.398499 156.896103 260.962341
gray000012 0.974956 64.301277 254.347183 201.887970 338.740845
gray000012 0.001053 19.759552 190.703323 256.973511 411.270386
gray000013 0.995954 134.840698 331.761566 195.725769 394.564484
gray000014 0.741448 189.556076 236.399323 208.491867 247.880035
gray000014 0.002559 183.506210 227.484406 215.775314 251.109650
gray000015 0.989059 333.709778 290.571716 368.971130 331.417480
gray000016 0.988699 94.011139 238.018280 200.605682 353.768341
gray000016 0.001457 30.468582 180.479431 258.775452 423.133057
gray000017 0.981625 241.538864 288.649109 267.521790 359.749023
gray000018 0.914138 110.976624 291.129547 145.199829 323.932037
gray000020 0.994446 121.289352 256.880646 179.696304 326.596161
gray000021 0.927618 348.315765 309.363831 368.273041 346.492493
gray000022 0.810643 306.035065 292.217804 341.605194 315.796844
gray000022 0.002006 302.139221 283.451355 345.584045 329.831360
gray000023 0.966450 309.807983 272.890991 337.391479 297.276855
gray000024 0.748006 288.207275 282.218292 366.710571 343.036407
gray000024 0.008226 307.077057 280.639313 357.234650 322.204865
gray000024 0.004635 271.579468 262.978027 384.731812 361.969604
gray000025 0.002906 181.388016 336.173889 187.236099 342.876587
gray000025 0.002166 424.770813 199.268997 434.344116 206.566727
gray000025 0.001821 278.879272 182.695618 316.993347 219.330078
gray000026 0.986016 109.286880 272.574341 176.492172 318.493164
gray000026 0.006358 242.309525 501.117004 263.672485 512.000000
gray000027 0.877106 200.592682 218.608475 251.527832 276.420044
gray000028 0.960318 194.681015 275.694427 251.733078 358.299713
gray000028 0.001076 387.548340 378.776428 409.912659 404.163330
gray000028 0.001002 369.355652 379.377930 410.258118 419.479248
gray000029 0.987768 288.854004 263.026917 331.395142 300.297058
gray000030 0.986108 76.988380 194.894211 222.237305 357.230225
gray000031 0.973570 158.981384 328.681000 200.602356 353.537750
gray000032 0.966511 155.572281 235.496536 194.055069 273.688782
gray000032 0.001325 148.810608 229.490005 206.155243 286.560150
gray000034 0.920365 132.966415 233.986771 174.427933 287.920593
gray000035 0.982789 145.136993 226.537079 225.128571 307.357269
gray000035 0.001089 50.701050 111.283096 308.751709 435.601501
gray000036 0.939009 135.190735 245.245346 148.396637 257.219055
gray000036 0.083470 149.056595 227.645386 180.688156 246.593933
gray000036 0.001350 132.757965 243.210342 157.398865 260.333374
gray000036 0.001291 139.691254 222.154282 191.050873 251.165268
gray000036 0.001018 128.328415 236.629730 152.255203 264.371246
gray000037 0.991923 145.896179 327.803131 206.007385 388.830048
gray000038 0.995766 313.604706 290.851501 403.659393 381.614929
gray000038 0.001110 203.181747 181.044540 512.000000 492.385681
gray000039 0.018157 60.924141 208.694077 232.803009 349.873413
gray000039 0.001605 229.289856 202.009811 258.224152 241.186050
gray000040 0.927827 138.625763 218.457306 155.522491 252.608826
gray000041 0.774275 165.511215 253.475632 218.573471 307.052673
gray000042 0.868596 131.714005 267.275726 156.141220 302.905060
gray000043 0.896882 175.177185 236.042419 209.294067 287.984924
gray000043 0.002036 160.979477 228.200623 219.549179 297.480835
gray000044 0.876168 185.107788 272.310883 217.130096 311.379669
gray000044 0.007177 202.215454 277.727722 324.080200 353.149536
gray000045 0.990653 98.590118 237.503998 197.650360 384.300385
gray000045 0.038042 243.885452 206.652161 253.776718 220.443390
gray000045 0.001729 44.970131 184.097351 245.915344 432.098572
gray000046 0.444013 50.387108 131.557526 230.698425 355.468903
gray000046 0.004081 88.408569 243.438370 101.795975 259.009766
gray000046 0.001347 81.213791 156.898300 193.987869 312.123230
gray000046 0.001035 240.553207 196.156296 252.380051 208.503189
gray000047 0.954171 262.111511 319.376221 307.498779 374.658630
gray000047 0.006849 268.009399 332.439819 297.753723 364.408020
gray000047 0.001425 250.120132 291.909851 319.044739 378.755737
gray000049 0.994705 170.342636 275.886414 204.554428 315.189514
gray000050 0.979785 62.572502 253.564774 125.841835 288.453033
gray000050 0.001737 140.095551 258.371918 171.323456 278.856049
gray000051 0.992876 332.840302 277.013367 390.689362 346.005859
gray000051 0.001127 307.788727 258.150604 416.927643 363.457489
gray000052 0.879294 119.754280 197.969025 166.238174 226.200226
gray000052 0.003080 103.597702 179.479584 178.259140 244.053619
gray000053 0.786986 207.968506 134.354141 311.636536 256.211121
gray000053 0.001063 209.212067 229.120331 214.598999 234.642517
gray000054 0.347271 133.021362 247.690613 175.199219 283.483826
gray000054 0.054260 146.288559 264.340027 169.151169 286.177490
gray000054 0.009335 123.076530 227.074921 182.265106 281.104858
gray000054 0.001591 336.404266 11.551575 485.599457 147.508438
gray000055 0.763634 151.961487 231.070786 157.256927 236.998215
gray000055 0.008903 193.800919 242.229111 201.512650 251.659286
gray000055 0.008545 150.393799 228.929916 155.863525 236.649887
gray000055 0.003562 192.949432 246.051361 201.622162 256.210724
gray000055 0.001862 149.678711 227.353531 159.390198 237.753891
gray000055 0.001244 285.194946 217.080078 290.901855 224.841248
gray000055 0.001139 333.669128 297.299896 343.369873 304.145721
gray000055 0.001118 304.931458 219.644730 312.656189 225.160141
gray000056 0.986637 66.807510 249.990875 121.489914 286.333771
gray000057 0.979725 253.788452 218.423096 312.212952 250.419434
gray000057 0.001584 288.544617 206.744339 309.469727 255.189743
gray000058 0.968550 168.018295 228.439041 199.695511 271.958893
gray000058 0.001625 178.299545 223.483749 192.632492 277.459564
gray000059 0.993331 137.494003 263.929443 216.077164 343.868713
gray000060 0.991149 102.457687 221.747757 161.832901 283.768768
gray000061 0.942528 220.282578 310.276520 290.006409 370.032745
gray000062 0.771454 107.669579 294.835693 136.842255 319.508667
gray000063 0.800561 319.437531 276.808197 347.970123 298.870270
gray000064 0.976953 336.397522 167.927216 437.026367 257.078644
gray000065 0.843065 145.317200 292.078674 164.046326 304.253601
gray000065 0.014768 141.233704 288.531647 169.201782 309.887054
gray000066 0.292462 208.772537 266.844666 253.619217 305.814941
gray000066 0.101612 204.848831 277.266693 237.091324 306.661713
gray000066 0.008038 234.624008 294.392609 270.889282 322.223358
gray000066 0.005309 218.155518 273.583588 273.390228 318.273590
gray000066 0.004728 223.726425 286.727600 276.528809 336.469299
gray000066 0.003600 257.021912 311.706360 280.980713 334.623718
gray000066 0.001731 265.122955 329.732819 300.875275 363.903351
gray000066 0.001649 267.621155 286.870331 282.303833 296.908600
gray000066 0.001602 219.589401 281.850647 251.672928 300.923523
gray000067 0.894127 205.713409 351.141235 230.498474 368.711731
gray000067 0.003599 322.009399 379.041656 327.460938 384.633820
gray000068 0.494117 54.397995 131.636658 243.459488 301.524780
gray000068 0.001784 2.036438 127.300446 292.505737 408.194183
gray000068 0.001317 111.090927 166.152679 221.181107 293.991760
gray000069 0.937469 122.131912 218.616302 165.110214 268.515564
gray000069 0.006566 128.523987 229.574707 156.629028 257.042755
gray000069 0.004209 252.099838 500.122681 269.612701 512.000000
gray000070 0.978885 357.230591 328.802856 390.948730 352.773132
gray000071 0.001952 321.105408 240.093048 329.267822 250.699005
gray000072 0.983861 143.337830 277.463074 188.631866 323.795593
gray000072 0.030788 149.925781 287.746765 179.806274 313.714905
gray000073 0.764175 208.157898 164.512558 309.739136 205.363754
gray000073 0.001675 206.600311 196.872787 312.083710 226.661240
gray000074 0.006989 375.600098 317.773621 383.240784 328.784180
gray000075 0.993562 298.153534 287.499023 360.561615 367.266296
gray000075 0.083889 186.638000 505.999847 221.393127 512.000000
gray000075 0.003160 284.114471 506.521545 320.111725 512.000000
gray000075 0.002188 175.973068 506.764313 204.468735 512.000000
gray000076 0.839006 176.524902 104.031288 322.219238 271.972473
gray000076 0.004752 142.473083 79.496796 389.896667 313.445282
gray000076 0.001655 36.415474 398.305878 177.334229 509.624542
gray000076 0.001013 50.251122 459.314453 160.155151 512.000000
gray000078 0.957565 321.844849 232.313644 396.139221 309.812286
gray000078 0.008838 341.297333 236.457092 375.360504 304.348145
gray000079 0.658254 151.889145 61.017303 348.874207 354.888153
gray000079 0.002519 323.997223 1.000000 500.046112 243.597168
gray000079 0.001426 431.034790 1.000000 512.000000 205.384186
gray000079 0.001240 68.566788 99.925751 423.683777 431.379120
gray000079 0.001172 349.712006 45.816803 472.245087 159.729553
gray000080 0.975815 345.821960 253.873566 386.524292 331.601593
gray000081 0.995069 138.842422 259.603577 199.055832 324.874390
gray000082 0.878642 273.227081 281.540405 299.781158 309.925659
gray000082 0.001213 358.984589 298.006348 398.620697 331.765381
gray000083 0.965791 127.806282 331.653931 168.156952 378.174683
gray000084 0.939640 138.283478 218.560303 155.510498 252.829651
gray000085 0.993331 137.494003 263.929443 216.077164 343.868713
gray000086 0.940156 141.437256 235.858826 194.724762 288.616882
gray000086 0.006411 156.149750 247.073837 184.973083 277.260620
gray000087 0.998842 260.932495 123.380074 363.289917 252.557129
gray000087 0.003092 341.518127 341.671112 418.663818 390.765839
gray000087 0.001286 301.087769 308.243622 311.287048 322.071564
gray000088 0.923034 311.377808 200.574142 386.779053 280.458191
gray000088 0.012073 323.807281 212.831619 373.418365 265.224762
gray000089 0.922029 106.863647 259.336639 169.039307 312.838104
gray000090 0.169735 236.496017 236.955811 285.208008 284.574219
gray000090 0.115045 227.342316 229.237305 306.329620 318.202576
gray000090 0.023262 171.131454 210.009903 179.743118 217.853226
gray000090 0.005123 242.960403 247.880966 278.587189 273.070282
gray000090 0.004077 215.492859 216.410065 290.623627 288.251434
gray000090 0.002642 220.601242 239.075729 272.373383 296.168823
gray000091 0.880216 146.977173 129.917114 289.345581 299.854858
gray000092 0.914138 110.976624 291.129547 145.199829 323.932037
gray000093 0.710031 286.886200 214.538391 336.525665 263.230438
gray000093 0.009544 299.982941 228.586075 330.727631 256.749390
gray000093 0.002296 195.051453 101.705666 333.088989 173.190613
gray000095 0.992365 140.230026 247.445847 184.526108 291.908051
gray000096 0.961220 376.796112 253.835632 413.733002 288.626892
gray000097 0.987267 390.158783 312.950287 425.016022 350.432892
gray000098 0.943639 179.144623 254.613937 254.911804 346.404724
gray000099 0.958812 63.718933 241.716431 125.425293 291.004944
gray000099 0.001442 85.027626 252.989182 114.934761 283.003723
