gray000001 0.538847 376.615326 259.473083 418.521637 282.926208
gray000001 0.001399 374.913757 263.903503 420.499268 298.971619
gray000002 0.756536 127.009811 333.470428 202.113449 384.603729
gray000003 0.416974 270.689087 276.801575 303.628357 308.953247
gray000003 0.006692 409.170044 246.946854 420.114868 256.574738
gray000004 0.817100 129.729614 303.951080 163.172394 335.893829
gray000005 0.011211 199.545303 287.618896 209.130081 298.107483
gray000005 0.001195 162.834702 77.858459 182.534836 101.711975
gray000005 0.001099 147.786041 70.218102 189.834564 102.136833
gray000006 0.869711 314.700531 273.531342 340.691254 292.779388
gray000006 0.380478 204.380035 279.021240 212.709778 288.809937
gray000006 0.008249 312.408569 265.239807 343.412170 301.755676
gray000006 0.005767 203.043152 278.003723 218.369812 291.955994
gray000007 0.355426 141.257217 258.459839 216.328873 326.081482
gray000009 0.819413 382.441803 261.226135 411.811920 280.985596
gray000011 0.849305 131.045258 230.726700 155.247711 261.873779
gray000013 0.897587 131.797379 333.333313 196.388443 389.390198
gray000014 0.649757 186.884674 235.344086 211.186218 245.266388
gray000015 0.913863 332.031647 291.765900 368.539154 329.548676
gray000015 0.002046 338.853821 195.537338 360.950317 244.484879
gray000016 0.963181 69.823059 241.284988 200.255615 352.879456
gray000017 0.981774 238.045639 291.417114 267.014404 362.980774
gray000018 0.280159 121.606949 297.626678 145.384171 320.810089
gray000018 0.001105 350.162750 330.083496 363.204681 340.179016
gray000019 0.003981 179.027374 12.871367 198.554565 40.993530
gray000020 0.994326 116.599434 255.419632 180.710693 332.821655
gray000021 0.774313 343.488647 310.249268 369.332703 348.679016
gray000022 0.033918 303.802246 289.320343 342.494202 317.515289
gray000022 0.002009 297.233521 283.174622 353.203674 333.236023
gray000022 0.001278 316.792542 272.802246 333.132690 282.876221
gray000023 0.927089 311.060547 272.997711 336.596436 295.892059
gray000023 0.001672 306.761444 270.163330 341.110504 309.951050
gray000025 0.002222 425.507812 334.647766 435.416626 345.117493
gray000026 0.160066 106.648331 275.224579 174.945267 320.251862
gray000026 0.003546 136.462814 273.331451 177.030807 307.965729
gray000027 0.030151 192.180603 219.544205 247.024231 276.327820
gray000028 0.004162 177.717941 277.179352 258.082703 356.237457
gray000029 0.744415 285.552063 267.337250 335.488953 298.468842
gray000031 0.961376 158.074234 328.461426 200.509750 355.210022
gray000032 0.913971 159.122894 236.547791 190.400848 273.514404
gray000033 0.001436 298.226562 469.707947 319.144470 504.916626
gray000034 0.575554 129.461914 235.235855 182.212402 287.323761
gray000034 0.006261 141.051605 245.402481 172.674774 275.270905
gray000034 0.002611 145.016342 225.038467 181.512558 264.471497
gray000034 0.002504 254.615005 193.963486 267.281250 205.374832
gray000035 0.989371 133.690903 221.820770 231.942581 315.333588
gray000035 0.001300 147.318649 242.218506 202.319687 308.428528
gray000036 0.921161 134.646606 243.904602 151.431244 256.039642
gray000036 0.009633 258.699249 182.352615 268.826447 193.934494
gray000037 0.969788 141.874084 328.315643 207.388733 388.264679
gray000038 0.966435 317.583313 296.876099 396.167419 380.408142
gray000038 0.003530 1.000000 4.035057 70.714813 57.865166
gray000038 0.001172 59.495071 506.688477 66.768166 510.718567
gray000039 0.022166 135.207275 355.104218 144.585175 361.414093
gray000039 0.003832 88.935387 199.157822 144.845810 240.028946
gray000039 0.001947 161.462524 313.930664 171.654999 319.663635
gray000040 0.782658 129.907410 223.317078 156.294342 252.251404
gray000041 0.008495 161.639008 244.997681 211.875946 287.684570
gray000041 0.001845 150.478027 239.426132 220.772034 310.943115
gray000041 0.001081 226.174011 500.688934 278.195953 512.000000
gray000042 0.012312 134.977280 268.280457 158.883011 288.327209
gray000042 0.001600 131.031982 265.521179 165.515839 298.943115
gray000044 0.773673 181.627686 273.696472 214.554993 310.302979
gray000045 0.942236 92.494827 253.088837 201.221603 374.507172
gray000045 0.251770 241.310730 205.754028 255.975952 220.985016
gray000045 0.001044 48.498238 183.490005 241.453552 432.731079
gray000047 0.911926 249.854279 307.872406 316.416962 371.533051
gray000048 0.015424 324.182709 285.192902 330.257782 291.155731
gray000049 0.967943 160.725952 273.289764 209.174194 316.744659
gray000049 0.005445 173.719772 277.384003 199.191879 311.589264
gray000049 0.001246 249.532806 506.911896 320.491791 512.000000
gray000049 0.001114 267.575714 509.542816 302.837799 512.000000
gray000050 0.954967 61.492531 249.898773 125.110649 290.519501
gray000050 0.002573 75.278839 256.932312 111.523071 282.338989
gray000051 0.694375 327.475494 275.390076 385.751129 341.351990
gray000052 0.717746 115.955994 199.213043 166.233398 232.566956
gray000052 0.001421 106.118805 183.759781 178.945435 250.017441
gray000053 0.004375 73.574120 462.751495 131.658051 512.000000
gray000054 0.131522 120.407608 230.069397 183.339890 293.656372
gray000054 0.005371 254.817062 195.814774 267.258270 204.826218
gray000054 0.005215 132.796219 248.702072 178.484818 287.199951
gray000054 0.003587 132.640518 228.110092 180.338943 264.987793
gray000055 0.718814 152.438171 229.970093 157.702454 234.949829
gray000055 0.014246 149.166901 228.271790 156.905396 235.999176
gray000055 0.006125 305.749756 219.822998 313.300964 225.143097
gray000055 0.005446 314.635468 242.616623 324.003204 247.851089
gray000056 0.943235 64.347366 247.881119 123.237457 288.158417
gray000056 0.004408 73.332939 255.329559 113.667946 280.499908
gray000057 0.035372 248.032730 217.974289 313.300049 251.028305
gray000058 0.959580 165.291763 225.529999 199.745071 273.008606
gray000059 0.988788 127.657669 257.519104 218.019058 343.452759
gray000060 0.648371 103.389771 233.678528 157.949371 284.485779
gray000060 0.001039 111.137939 239.755112 142.557343 270.313263
gray000061 0.797843 225.613190 307.174561 293.063080 374.129639
gray000062 0.888935 108.096771 296.563141 138.721527 320.230621
gray000063 0.402044 315.482269 273.137848 354.196808 300.644928
gray000063 0.001737 312.724945 265.260803 363.506500 316.899902
gray000064 0.983389 326.395203 166.409424 438.853516 262.085052
gray000064 0.001797 354.742767 180.878998 421.562775 245.584198
gray000065 0.720993 144.326675 292.449585 165.305832 302.343689
gray000066 0.036646 221.348816 270.343414 274.208252 326.536469
gray000066 0.001315 210.211853 254.430634 262.107941 312.128448
gray000067 0.838885 206.333359 351.826141 229.709274 367.788910
gray000067 0.015671 320.997650 379.960419 328.324982 384.507416
gray000068 0.002942 47.197586 185.640579 90.242691 238.378464
gray000068 0.002018 56.220890 192.218506 127.557693 237.100433
gray000069 0.821877 118.324677 222.335373 165.949738 267.442200
gray000069 0.016073 127.908257 228.635803 155.697052 261.362762
gray000069 0.002625 245.724716 502.184937 276.440765 512.000000
gray000070 0.899947 353.918152 329.349609 392.885010 350.078369
gray000070 0.001545 347.782593 318.980927 399.428772 362.954681
gray000072 0.960544 143.122787 279.752747 187.992081 320.549500
gray000072 0.052241 151.116028 287.160889 179.614441 315.191101
gray000073 0.884454 213.487854 160.071625 308.730591 210.756989
gray000073 0.003542 259.498291 278.085297 312.479858 340.297211
gray000073 0.001071 200.215683 241.759888 258.773560 294.255554
gray000074 0.001010 375.040222 318.062378 384.499756 327.957153
gray000075 0.967250 290.963257 288.572388 361.657898 367.852783
gray000075 0.006371 172.987427 504.263245 224.558746 512.000000
gray000075 0.003311 282.451355 504.843231 323.320190 512.000000
gray000076 0.982316 170.519089 108.028473 319.326599 270.951874
gray000077 0.001009 273.128784 509.226349 297.572571 512.000000
gray000078 0.872594 329.291077 232.127716 390.109253 308.818024
gray000078 0.006179 308.421478 215.257507 413.873810 327.858948
gray000079 0.013702 139.096741 55.694580 403.447693 364.978912
gray000080 0.954328 342.031982 251.059570 384.496582 333.383667
gray000081 0.762345 137.406036 259.221466 197.727600 323.593414
gray000081 0.001146 117.302391 248.641479 223.312561 341.005127
gray000082 0.685038 271.851990 279.181427 301.122253 311.804352
gray000083 0.902168 126.386536 331.593964 168.990753 378.077606
gray000084 0.896452 131.259689 221.536331 154.582016 254.721054
gray000085 0.988788 127.657669 257.519104 218.019058 343.452759
gray000086 0.927492 142.153839 235.017792 196.035400 289.858856
gray000086 0.009693 158.688110 245.035217 183.399231 279.075195
gray000087 0.988863 251.057785 126.337326 374.830383 246.365067
gray000087 0.001194 209.248993 83.012573 404.621613 278.752502
gray000088 0.896592 316.757080 209.427597 384.105957 280.785614
gray000089 0.774188 109.122253 261.084137 170.020782 311.683563
gray000089 0.002720 85.875847 246.539276 199.411987 344.612091
gray000089 0.002171 125.121307 271.273956 155.958496 300.437836
gray000090 0.001737 221.777786 233.517807 233.551468 239.144516
gray000090 0.001171 80.369469 466.309113 127.938820 512.000000
gray000091 0.004324 198.368958 251.599457 229.869080 285.300018
gray000092 0.280159 121.606949 297.626678 145.384171 320.810089
gray000092 0.001105 350.162750 330.083496 363.204681 340.179016
gray000093 0.002346 303.011322 234.773651 334.958160 258.367004
gray000094 0.002691 250.750504 221.679825 272.388458 238.197281
gray000095 0.945527 140.993744 247.640610 182.579620 292.822449
gray000095 0.023036 148.564255 254.814728 175.614182 285.206268
gray000095 0.002002 365.051239 260.305908 376.459259 272.875854
gray000096 0.792379 374.066528 256.332001 411.756775 286.913177
gray000097 0.967533 386.696259 313.484131 427.424835 351.763489
gray000098 0.056795 191.711456 246.009155 265.531738 316.104065
gray000099 0.001081 67.879547 248.661743 118.374527 288.956360
