gray000000 0.528155 194.925720 269.539734 284.659424 359.603088
gray000000 0.001678 224.687698 288.617126 270.341888 365.636536
gray000000 0.001424 215.721146 280.510345 254.367050 350.052582
gray000001 0.344576 374.150360 262.970703 416.519318 287.067444
gray000001 0.004925 213.783447 273.102295 338.308716 353.671997
gray000001 0.004392 375.397461 255.190460 430.830566 299.868622
gray000001 0.002297 386.361359 261.623718 406.232574 288.282410
gray000001 0.002246 143.754608 293.454071 193.060455 334.983368
gray000002 0.868381 129.395538 334.620422 186.403046 380.779724
gray000002 0.019097 109.806747 299.769928 194.769028 392.683563
gray000003 0.599748 268.558655 279.004242 302.085999 306.264984
gray000003 0.241738 258.606415 273.881805 312.466400 320.648224
gray000003 0.003967 277.074585 286.380798 293.255249 299.144592
gray000003 0.001951 276.524567 281.928619 292.104889 293.132538
gray000004 0.614831 125.343338 305.105835 160.419235 330.018921
gray000004 0.002411 134.049606 312.172852 151.903702 323.574707
gray000004 0.001051 353.828674 252.541229 453.263062 362.759491
gray000005 0.273240 200.733841 287.958618 209.962387 300.478149
gray000005 0.019404 263.192017 213.968124 272.451172 227.935959
gray000005 0.008362 260.954773 207.262573 275.238037 235.131836
gray000005 0.008239 197.604233 283.583771 212.133377 304.334381
gray000005 0.006439 177.861984 222.728912 186.258255 231.339722
gray000005 0.005575 264.232727 207.093689 272.418274 217.448883
gray000005 0.003463 217.634216 345.474426 222.683685 352.541931
gray000005 0.002110 278.158508 211.090591 291.840088 228.122177
gray000005 0.001966 264.745911 209.626556 303.790833 229.791534
gray000005 0.001782 221.851349 206.596115 246.612183 255.183792
gray000005 0.001659 266.642792 211.429382 284.688812 230.272125
gray000005 0.001301 272.785309 209.547012 279.750702 217.099289
gray000005 0.001128 237.902390 208.751801 250.979691 230.529572
gray000005 0.001094 258.223419 208.490860 266.980804 219.145920
gray000006 0.478849 324.309204 277.585541 339.103027 287.239960
gray000006 0.162135 207.348907 279.630737 216.480957 287.774536
gray000006 0.081232 320.057892 274.697845 341.790253 291.956818
gray000006 0.039633 171.302231 228.334427 175.642838 232.311386
gray000006 0.004266 204.495010 279.325287 212.190353 286.357574
gray000006 0.002753 321.673767 274.501404 334.255005 285.467834
gray000006 0.001514 1.000000 128.678436 512.000000 424.746185
gray000006 0.001398 208.269760 277.685516 215.171799 283.310333
gray000006 0.001107 312.112823 268.719849 348.006134 300.530945
gray000007 0.414577 134.256958 250.244324 216.432220 321.409302
gray000007 0.002963 90.027466 177.005737 94.648560 183.926300
gray000007 0.002109 154.393265 254.693146 192.988754 318.619293
gray000008 0.205014 289.183929 241.441757 373.799835 319.312927
gray000008 0.056606 323.586975 242.686722 362.156189 313.101257
gray000008 0.037332 311.827271 231.810928 350.438293 302.226196
gray000008 0.001275 294.631409 251.959625 332.834045 307.619293
gray000008 0.001266 281.396973 245.323074 353.393127 290.259369
gray000008 0.001119 322.553009 255.796783 359.790131 281.338226
gray000009 0.534546 380.113373 259.793549 411.544830 279.174469
gray000009 0.043517 368.814362 259.754150 418.588470 298.448914
gray000009 0.018298 386.171295 263.765686 405.622650 274.352234
gray000009 0.014043 389.650604 259.153290 402.840851 268.976471
gray000009 0.004406 108.676529 180.383972 433.232483 434.000977
gray000009 0.002498 148.300644 306.351807 196.795578 342.585938
gray000009 0.002430 382.458954 246.640274 408.438873 294.350891
gray000009 0.002002 217.937607 265.578125 333.634033 356.174988
gray000009 0.001238 190.182037 232.965485 355.165680 384.995941
gray000010 0.039648 66.758011 239.342041 101.300659 265.199127
gray000010 0.014066 86.750298 240.315826 100.969536 264.174103
gray000010 0.012678 76.541847 238.041718 92.416588 265.760132
gray000010 0.010362 151.251892 326.889557 161.170074 337.225372
gray000010 0.008235 92.123863 238.708191 104.846626 267.994476
gray000010 0.006477 94.984505 245.375961 101.763908 263.027161
gray000010 0.003137 146.834152 328.766113 155.076584 338.889404
gray000010 0.002964 78.609100 246.561920 91.327789 258.628479
gray000010 0.002359 96.313438 252.929459 103.148903 265.025116
gray000010 0.002327 88.538017 245.253983 97.846642 260.522430
gray000010 0.001728 62.656693 235.170731 91.660919 258.932434
gray000010 0.001601 154.224304 321.414825 162.005798 331.988495
gray000010 0.001398 225.588974 64.930679 229.927963 68.771530
gray000010 0.001394 79.835899 234.376770 105.279488 259.965515
gray000010 0.001299 181.201736 153.873352 375.957947 383.505737
gray000010 0.001207 64.491074 228.950424 109.889664 273.593903
gray000010 0.001193 146.290482 318.725922 165.860519 345.652802
gray000010 0.001191 60.182152 245.668015 93.045967 272.105988
gray000010 0.001177 143.816223 332.887848 154.723572 344.381317
gray000010 0.001131 79.161530 241.371994 89.796143 252.691818
gray000010 0.001097 192.099625 375.523834 198.964249 382.982513
gray000010 0.001042 301.668335 308.886047 359.336853 341.926514
gray000010 0.001039 30.854813 156.456451 512.000000 390.343109
gray000011 0.545329 128.864975 232.433945 157.028305 260.176636
gray000011 0.083888 120.528664 229.094116 163.800293 269.380219
gray000011 0.004043 135.455292 239.042984 149.583405 254.046066
gray000011 0.002127 185.592041 238.659088 192.901459 250.862457
gray000012 0.183915 82.836624 252.933258 201.341354 340.498993
gray000012 0.041910 63.598389 209.311676 221.334991 356.143036
gray000012 0.002585 117.372864 265.320435 183.350311 352.291565
gray000013 0.810400 127.962051 336.498108 197.503250 387.190857
gray000013 0.028904 120.953262 307.759888 214.660934 393.634766
gray000014 0.493826 191.768433 233.822464 204.921631 246.163498
gray000014 0.157524 186.913940 230.188812 209.303558 248.554077
gray000015 0.706268 324.074921 290.233978 374.714874 331.396088
gray000015 0.015347 338.973389 287.282440 359.504944 330.692230
gray000015 0.001598 298.889160 278.174530 384.480164 342.990387
gray000015 0.001099 217.349365 304.054535 283.926575 344.528107
gray000016 0.721900 89.747688 252.585098 182.306122 348.144226
gray000017 0.505418 232.669205 297.764771 272.035767 365.057739
gray000017 0.011356 208.244324 263.570007 294.334564 354.781921
gray000017 0.008872 263.317505 282.966675 301.408264 350.108032
gray000017 0.002760 248.411530 282.243835 277.351227 354.805786
gray000017 0.001935 248.028702 210.969269 283.555145 261.587524
gray000017 0.001700 227.230743 228.122406 312.396332 321.583771
gray000018 0.022229 108.430939 298.472504 142.759399 322.169281
gray000018 0.014022 117.814064 285.461700 147.835403 339.533417
gray000019 0.005984 226.451599 127.426125 395.268921 286.976990
gray000019 0.003669 264.938599 160.143967 406.002319 246.156845
gray000019 0.001988 120.855240 287.252869 152.287857 340.631042
gray000019 0.001656 91.510666 303.519196 151.135559 348.774323
gray000019 0.001633 135.079605 284.537109 167.806229 340.496521
gray000019 0.001521 77.151756 163.135544 211.432861 378.677979
gray000019 0.001306 78.813934 290.098816 134.742752 338.003784
gray000019 0.001066 140.488510 287.726074 197.337265 334.016052
gray000020 0.624437 115.032532 264.558289 183.486969 323.157532
gray000021 0.344179 341.578094 314.305542 372.332245 347.396973
gray000021 0.006944 354.104553 308.981812 369.624207 353.345459
gray000021 0.001136 351.382446 322.044464 361.571167 341.685089
gray000022 0.709335 296.927612 283.925873 354.886475 321.449493
gray000022 0.001781 311.500458 284.426392 335.915619 320.728210
gray000022 0.001529 291.053131 266.616425 364.497101 335.137787
gray000023 0.765035 309.837677 270.639130 339.720123 296.113922
gray000023 0.048154 306.748199 262.392548 351.152924 303.210846
gray000023 0.007937 317.886963 277.150574 332.284180 291.701721
gray000023 0.001918 225.409882 258.660919 316.822296 367.330170
gray000023 0.001680 232.998611 296.168091 287.750854 320.551636
gray000024 0.517390 296.497559 284.216125 359.531128 337.357483
gray000024 0.001243 321.701050 274.703461 358.807495 327.697601
gray000025 0.005431 281.052673 223.342133 289.512512 233.728546
gray000025 0.005043 175.921921 318.895874 186.215286 329.566406
gray000025 0.001822 277.466614 213.028763 291.991821 245.141769
gray000025 0.001544 287.408447 143.756348 391.725952 224.628601
gray000025 0.001105 172.767822 316.250885 189.155304 332.595551
gray000025 0.001091 185.289505 314.388824 190.919968 320.153290
gray000025 0.001011 334.955505 212.793198 346.768921 225.918503
gray000026 0.547433 105.522682 271.125580 177.521698 321.143463
gray000026 0.010398 100.959366 264.990509 228.704544 343.074005
gray000026 0.003307 107.832237 227.091965 173.282928 343.760742
gray000026 0.001097 116.893669 279.023407 164.719788 304.978058
gray000027 0.529180 263.302307 223.150742 273.007568 231.828354
gray000027 0.039809 214.854782 226.313019 248.413467 275.324982
gray000027 0.015064 218.772018 269.495178 316.591522 333.708435
gray000027 0.012755 190.335754 235.990570 299.722015 328.697296
gray000027 0.008252 247.191666 266.668091 282.833740 331.060608
gray000027 0.005084 217.160065 290.826416 280.422638 330.799988
gray000027 0.002103 207.182236 241.659485 250.431076 263.870880
gray000027 0.001994 263.316742 267.468018 293.168488 332.066589
gray000027 0.001809 251.975632 281.715057 303.206635 338.876495
gray000027 0.001766 200.595200 233.682602 263.401489 287.106140
gray000027 0.001645 256.031799 272.930450 265.585815 282.801971
gray000027 0.001508 232.458786 271.371704 265.084473 325.856750
gray000027 0.001107 217.623016 283.549713 248.620422 337.833221
gray000028 0.220109 202.432220 279.961456 255.605713 374.171478
gray000028 0.096760 198.453674 274.167694 234.071503 352.820648
gray000028 0.032446 190.581573 271.874023 222.896515 327.685242
gray000028 0.018100 192.630035 284.784546 232.088989 314.107422
gray000028 0.001740 203.911407 314.147583 239.293915 363.746155
gray000029 0.803025 281.592712 257.991943 335.685913 294.793640
gray000029 0.003019 216.625519 244.557968 340.412384 312.399231
gray000029 0.001409 298.280365 258.918762 321.047699 293.655334
gray000029 0.001082 131.362762 218.426544 221.424500 321.966095
gray000030 0.574453 94.846725 215.777328 209.028061 324.230774
gray000030 0.001619 112.799149 239.546844 192.408096 294.986053
gray000031 0.762841 161.001404 326.418182 197.456543 354.227264
gray000032 0.554285 147.005508 232.544434 197.709213 273.950623
gray000032 0.026817 161.766907 234.929962 185.086151 272.640076
gray000032 0.002605 143.118179 210.017303 201.206528 295.711945
gray000033 0.100506 206.345200 206.965546 214.067276 217.051941
gray000033 0.005506 259.631439 170.354156 309.387848 224.418762
gray000033 0.004546 393.677582 166.722595 402.620941 177.516266
gray000033 0.002292 220.351456 132.671021 339.892487 232.438141
gray000033 0.001569 391.250427 149.718338 402.395508 162.007309
gray000033 0.001072 393.557220 159.331558 402.344513 171.651901
gray000033 0.001051 397.377747 166.193710 411.036377 178.640732
gray000034 0.207835 124.586761 236.510681 176.014099 285.469604
gray000034 0.002754 102.480995 217.635925 180.078003 307.634644
gray000035 0.571480 140.406555 226.105362 218.911621 309.911407
gray000035 0.007661 141.745636 251.396286 205.464905 297.785309
gray000035 0.006683 281.936615 390.563202 291.749481 399.730927
gray000035 0.001108 281.690216 388.708374 291.215912 394.885315
gray000035 0.001065 321.354523 141.836899 410.535736 225.026627
gray000036 0.875755 135.782166 244.816971 147.485962 256.039459
gray000036 0.008221 131.624420 241.533432 150.795288 262.482086
gray000036 0.004287 286.932037 214.192810 319.321320 239.328003
gray000036 0.002435 169.239212 154.644775 174.537949 159.994720
gray000037 0.931269 143.465485 330.516022 204.800568 384.769196
gray000037 0.001635 325.341278 298.895050 401.505219 385.037689
gray000037 0.001518 151.010864 342.793549 196.066681 372.986542
gray000038 0.360015 316.792389 297.744049 395.519440 370.879425
gray000038 0.001547 145.103577 316.568329 190.315826 345.812775
gray000039 0.385547 162.468872 313.204193 168.513733 318.729340
gray000039 0.235569 96.916649 332.737946 102.234795 339.846161
gray000039 0.086765 73.411316 190.739105 144.560150 246.892151
gray000039 0.031203 140.105850 308.799652 143.484329 313.142426
gray000039 0.004497 162.462723 308.057892 167.677628 316.627899
gray000039 0.003568 140.290207 291.320007 170.696671 339.524231
gray000039 0.002973 55.103325 170.592453 163.458435 262.402893
gray000039 0.002479 139.093155 311.745483 144.549667 315.709167
gray000039 0.001729 267.334442 248.988190 327.065399 285.001129
gray000039 0.001112 119.196510 270.181458 236.795532 347.358948
gray000040 0.473026 138.264999 220.802917 156.663986 252.901245
gray000040 0.008919 141.454269 228.461182 153.161606 247.179718
gray000040 0.006584 126.954315 217.142639 158.002777 269.762695
gray000040 0.001040 146.638535 218.122284 160.496689 255.097198
gray000041 0.323669 166.550888 253.774338 225.613571 305.618958
gray000041 0.025110 378.755920 270.189758 404.509338 321.097107
gray000041 0.006144 181.275681 244.898422 213.092850 297.166290
gray000041 0.001739 388.395599 276.707123 404.178741 309.986847
gray000042 0.553012 127.850815 269.248108 156.797440 298.869324
gray000042 0.007903 125.793762 262.449402 172.727051 303.242920
gray000042 0.007899 135.155258 277.122162 148.438156 292.354706
gray000042 0.001388 302.594543 260.093323 387.897156 347.200378
gray000043 0.558657 179.546097 232.293610 215.004532 295.619293
gray000043 0.002393 174.047668 245.287079 221.011627 277.036407
gray000043 0.002060 167.913025 234.710419 230.031006 320.678986
gray000044 0.451382 179.676041 276.825043 216.581161 304.887054
gray000044 0.009283 154.401215 277.620178 253.665558 335.924500
gray000044 0.007077 301.537811 295.199249 354.974091 333.460358
gray000044 0.003472 192.600845 271.847839 212.277359 302.599243
gray000044 0.002820 315.149323 302.881653 370.432465 351.930847
gray000044 0.002723 172.857910 268.027649 210.723969 320.101929
gray000044 0.002663 167.345612 266.887482 306.396881 354.220734
gray000044 0.001397 139.945984 302.275330 201.057800 352.839783
gray000044 0.001179 154.489899 256.081604 221.679291 361.428101
gray000045 0.543462 97.050705 260.383728 194.741013 338.895569
gray000045 0.001363 108.909576 261.689240 186.976013 304.477997
gray000046 0.098374 93.895126 238.607391 106.118332 252.170959
gray000046 0.056356 91.571671 232.805603 108.580002 258.036102
gray000046 0.011312 94.901222 244.739868 104.581688 256.494690
gray000046 0.009441 96.289413 233.669235 106.957306 244.886459
gray000046 0.009206 87.260925 244.599030 102.881119 257.490326
gray000046 0.004355 85.768318 241.203705 112.673195 261.238159
gray000046 0.003665 87.882996 236.918686 102.516205 266.039093
gray000046 0.001511 92.936455 228.263916 115.799400 271.286835
gray000046 0.001378 85.449928 253.791595 199.029327 353.751312
gray000047 0.773810 258.090576 322.831116 309.433411 369.869873
gray000047 0.014674 252.363770 298.419189 314.481262 390.180176
gray000047 0.004818 125.811676 187.832489 171.921265 208.785706
gray000047 0.002352 274.084869 329.493988 294.784271 367.008942
gray000049 0.552396 158.762985 268.284485 207.092361 313.887512
gray000049 0.003384 169.621918 268.029449 191.192322 303.439423
gray000049 0.002773 149.619247 247.017914 215.572708 325.524689
gray000050 0.590163 61.769756 253.032455 138.780334 287.082245
gray000050 0.048692 73.205536 256.272369 115.185654 282.200104
gray000050 0.021603 320.384460 322.293274 329.292908 329.188599
gray000050 0.001857 53.726463 246.187668 167.352295 299.482697
gray000051 0.477614 328.811829 276.450989 388.703064 326.969727
gray000051 0.027277 156.075226 271.396484 212.987030 314.838135
gray000051 0.004887 341.023041 286.087494 385.874420 314.996246
gray000051 0.002973 335.015930 279.727112 365.116089 336.513977
gray000051 0.001682 344.433899 265.902893 438.753906 346.351074
gray000051 0.001212 159.519394 279.630859 202.720413 305.199829
gray000051 0.001047 314.356750 277.448700 344.339050 316.651398
gray000052 0.625873 112.833946 194.400665 169.902771 237.386963
gray000052 0.014815 116.930580 200.328735 153.877808 226.559113
gray000053 0.048358 213.057343 176.974152 324.595856 247.196014
gray000053 0.016034 267.682220 189.707230 327.005035 246.212204
gray000053 0.001240 303.981506 161.062790 329.670837 183.304520
gray000053 0.001144 219.079987 144.323364 284.649933 257.516693
gray000054 0.494583 124.931984 236.923676 179.898712 287.428253
gray000054 0.021397 137.992294 230.364594 168.922806 279.310150
gray000054 0.021110 140.869232 255.146164 174.181885 282.754333
gray000054 0.004867 101.910797 230.867966 193.081787 301.797577
gray000054 0.002894 153.250198 261.784393 172.597488 289.119781
gray000055 0.858282 152.002075 229.399124 155.718933 234.510757
gray000055 0.012188 150.663834 231.347397 153.832565 235.772354
gray000055 0.003740 131.265961 250.254944 138.482941 257.958160
gray000055 0.003097 27.798788 236.039062 55.523125 290.440918
gray000055 0.001017 136.943375 248.419525 144.164291 254.927521
gray000056 0.605290 67.495956 252.052933 135.802917 280.388580
gray000056 0.007752 89.890244 254.796616 108.974396 280.818024
gray000056 0.002128 78.048256 249.555145 109.709557 287.935333
gray000056 0.001121 263.014191 294.972412 324.062897 332.343506
gray000057 0.479411 247.212341 219.217911 316.901855 246.984238
gray000057 0.006108 278.468018 214.025269 309.685364 254.186432
gray000057 0.005808 263.571259 209.674088 298.642609 257.610077
gray000057 0.004480 241.151062 217.439575 325.449951 268.736725
gray000057 0.002081 230.754883 218.908569 323.779968 321.892212
gray000057 0.001551 250.303345 214.276367 287.903564 243.991608
gray000058 0.621657 165.100235 224.989410 196.463211 271.811005
gray000058 0.002160 154.445999 210.848984 210.968948 290.337952
gray000059 0.971689 134.031815 267.187134 217.989212 349.358215
gray000060 0.577578 104.091446 228.214066 161.451370 276.888031
gray000060 0.001296 123.755623 231.468475 141.961319 272.774933
gray000061 0.347808 224.981415 317.094818 294.586884 368.070221
gray000061 0.002482 194.318100 290.913513 307.369843 346.407837
gray000061 0.002079 242.471344 306.256714 281.400482 362.953918
gray000062 0.717737 106.893829 294.796936 139.712250 319.962280
gray000062 0.010795 98.883987 288.403259 146.698532 327.431702
gray000062 0.007403 116.486168 301.794556 131.438370 314.288208
gray000062 0.001167 110.855087 295.887451 128.061325 310.387268
gray000063 0.400782 317.868195 254.180603 349.039581 305.215271
gray000063 0.015045 314.156372 226.157532 368.118286 309.026123
gray000063 0.004596 321.380005 273.872833 343.390076 306.172028
gray000063 0.003528 197.228012 81.433182 201.003342 85.251419
gray000063 0.001595 330.506439 264.631287 345.880951 305.537231
gray000063 0.001438 326.898712 277.555389 339.222809 293.953522
gray000063 0.001432 342.269867 222.257797 350.855621 231.310349
gray000064 0.903479 332.540100 168.583572 428.010803 254.114822
gray000064 0.001307 1.000000 1.000000 512.000000 512.000000
gray000064 0.001121 24.993698 4.259750 512.000000 471.785706
gray000064 0.001079 345.745514 183.511658 430.537750 228.780487
gray000065 0.398858 146.775024 290.328888 161.161224 302.388580
gray000065 0.049747 142.069397 287.631897 165.753265 304.689758
gray000065 0.002020 428.380859 219.580170 488.173096 317.404022
gray000065 0.001778 479.690826 282.498077 487.776520 289.397064
gray000066 0.194822 205.718018 267.081848 262.049500 303.322021
gray000066 0.023444 289.885223 295.196747 336.774323 336.130585
gray000066 0.017270 217.659210 271.151428 249.747101 315.345886
gray000066 0.006569 298.431244 304.855530 331.369293 330.438232
gray000066 0.006313 203.108215 274.002136 243.616638 297.067017
gray000066 0.006151 211.245544 268.072632 249.004028 291.311646
gray000066 0.004749 215.478073 229.986465 225.086136 239.081100
gray000066 0.004366 221.237076 279.867859 273.346008 338.143066
gray000066 0.002758 216.968002 227.830246 224.647537 234.592148
gray000066 0.001970 199.315216 373.959259 266.800842 412.589569
gray000066 0.001751 225.468964 270.912964 245.970734 299.966370
gray000066 0.001633 202.835953 257.466034 266.382874 332.237762
gray000066 0.001023 214.750824 285.885895 252.717377 329.262054
gray000067 0.550000 202.624390 347.433228 229.470459 371.923462
gray000067 0.007686 208.911148 354.669891 227.944199 365.611725
gray000068 0.100724 75.681290 147.971970 226.879807 315.426819
gray000068 0.038182 131.637924 180.148956 204.071152 285.516388
gray000068 0.006740 315.327576 235.222946 349.571472 254.213760
gray000068 0.003314 50.069672 175.920471 192.042938 251.274689
gray000068 0.001861 28.533951 117.434731 328.153198 354.908722
gray000068 0.001610 61.435654 182.329056 140.479691 226.842880
gray000068 0.001064 151.385681 205.336395 184.410797 265.232880
gray000068 0.001063 302.156982 223.305923 358.970154 266.731598
gray000069 0.706589 113.040604 219.806015 165.040329 269.238495
gray000069 0.011224 108.539459 191.482101 170.660461 284.659882
gray000069 0.004970 119.880852 226.600632 161.894501 252.098618
gray000069 0.003341 130.901093 223.212112 151.005707 263.765350
gray000069 0.001559 213.766098 294.597290 278.973267 337.006165
gray000069 0.001086 189.564423 271.776337 297.760712 354.507416
gray000070 0.844500 356.679108 327.705963 390.089813 353.750031
gray000070 0.001942 300.460632 306.067841 364.117249 351.390900
gray000071 0.001754 339.647736 225.452591 344.729156 233.798782
gray000072 0.791816 133.800110 278.915466 194.715240 324.082947
gray000072 0.162556 142.283112 287.509949 183.982422 315.376709
gray000072 0.009409 152.922180 282.673157 173.616302 319.797607
gray000072 0.001812 128.572189 254.509308 190.197922 345.819916
gray000073 0.250188 222.808228 153.125244 314.920166 217.351898
gray000073 0.011254 359.205902 200.305069 423.715057 230.675491
gray000073 0.010440 318.358063 302.479218 330.973175 312.422821
gray000073 0.004087 315.488129 296.252258 334.058014 318.698730
gray000073 0.002112 319.682617 298.686890 329.904541 307.834534
gray000073 0.001088 362.406891 203.291367 399.368073 224.658371
gray000073 0.001061 243.475006 149.551483 283.958466 222.857086
gray000073 0.001020 313.935059 220.282181 428.960754 273.140198
gray000074 0.019874 347.816772 285.538696 401.605835 333.899963
gray000074 0.002000 1.000000 46.221237 512.000000 507.411926
gray000075 0.616332 297.321655 283.596619 361.368591 372.054443
gray000076 0.563394 156.315262 87.747787 329.339050 316.839233
gray000076 0.018339 170.864563 129.039459 304.689789 229.114136
gray000076 0.002427 130.307251 74.709343 400.103088 234.092834
gray000077 0.035994 313.225586 291.209686 373.259644 337.220428
gray000077 0.012359 296.179993 300.017670 362.743286 349.953766
gray000077 0.006236 340.201355 285.122375 411.007568 339.418335
gray000077 0.001767 328.475220 305.797211 393.662720 344.614105
gray000077 0.001319 344.653687 288.269745 373.950317 340.415558
gray000077 0.001303 160.729630 351.990021 184.105331 360.868439
gray000078 0.439220 328.219116 227.991959 390.631897 323.764526
gray000079 0.027534 248.639862 274.552460 341.396698 313.070526
gray000079 0.014589 358.070801 246.860458 369.842041 257.808899
gray000079 0.003853 112.580940 94.760826 305.221191 325.988922
gray000079 0.003798 130.714508 163.271698 220.402405 259.018524
gray000079 0.003536 267.933136 275.358002 304.525726 297.895477
gray000079 0.002833 356.503174 243.082306 373.664307 261.619446
gray000079 0.001442 354.298004 246.912704 365.176361 256.316925
gray000080 0.559656 340.383148 244.324005 377.288971 321.376862
gray000080 0.014662 349.739288 255.445343 392.359283 328.654266
gray000080 0.001185 337.147583 256.438263 374.964478 285.138031
gray000080 0.001022 324.746643 246.332321 392.409241 297.227356
gray000081 0.915747 134.921692 265.881439 196.579620 323.271149
gray000081 0.097741 350.361267 253.671402 409.605957 304.709229
gray000081 0.010671 337.600311 230.744461 414.040192 328.619598
gray000081 0.002281 141.175064 278.941345 189.251572 306.590698
gray000081 0.001097 176.376801 201.261124 189.235199 211.560104
gray000082 0.412544 270.785706 282.863861 300.288269 306.950104
gray000082 0.048464 257.969421 277.118561 309.504395 315.822662
gray000082 0.008547 355.594879 299.735321 392.811371 318.369354
gray000082 0.004981 348.884033 293.614197 403.677368 329.063843
gray000082 0.004254 278.272247 292.581299 292.043915 306.649597
gray000082 0.003930 152.617325 249.547836 159.784348 258.109650
gray000082 0.003471 294.552917 316.461426 321.780151 334.798950
gray000082 0.002093 152.356354 255.439148 158.262848 262.487854
gray000082 0.001914 277.556030 288.750183 293.131104 301.028931
gray000082 0.001791 301.402039 318.859558 315.420532 331.853821
gray000082 0.001138 126.083771 259.691833 238.241150 363.060120
gray000083 0.462873 121.880646 332.354248 173.597443 377.594421
gray000083 0.004809 140.526932 305.324280 336.326721 499.852905
gray000083 0.001198 137.260468 328.162598 158.094513 373.154480
gray000084 0.423937 138.279358 220.306656 156.513275 254.227646
gray000084 0.067987 128.055267 210.999847 159.543213 263.135162
gray000084 0.004032 141.517899 228.771194 152.901871 247.784042
gray000084 0.001140 146.053528 216.945831 160.978271 257.721924
gray000084 0.001014 246.263550 168.516052 254.807159 176.136414
gray000085 0.971689 134.031815 267.187134 217.989212 349.358215
gray000086 0.787542 135.937408 238.924911 194.322876 286.990112
gray000086 0.046861 145.409790 246.751984 187.378967 276.636139
gray000086 0.001464 154.958557 242.277832 175.857330 280.227905
gray000087 0.661714 258.724182 137.928482 364.233643 235.066513
gray000087 0.156433 202.816544 255.102142 208.497238 266.596893
gray000087 0.071962 201.549881 249.099335 207.949966 259.127014
gray000087 0.012887 199.788086 249.762817 210.867706 270.630127
gray000087 0.007863 202.804031 260.877075 208.647079 272.017029
gray000087 0.005850 271.721680 134.575485 330.611328 214.314041
gray000087 0.005502 206.132858 256.725525 213.977615 264.659668
gray000087 0.002283 201.186996 242.206207 207.668930 250.226776
gray000087 0.001996 196.868408 249.614578 202.179321 258.764099
gray000087 0.001279 206.081741 251.137802 215.445236 258.224060
gray000088 0.640599 309.208862 200.456894 390.062500 277.521301
gray000088 0.001730 326.718964 205.423157 366.984833 270.835693
gray000089 0.665061 109.496368 267.148376 168.843292 315.785767
gray000089 0.004390 112.981186 271.269592 155.584793 300.920288
gray000089 0.003699 82.921783 257.109650 168.362549 340.755341
gray000089 0.002305 138.382416 395.829071 189.403778 415.528412
gray000089 0.001584 370.416443 360.116180 448.087708 394.283295
gray000090 0.082071 177.070068 189.339203 314.693878 361.935272
gray000090 0.016707 219.459320 244.579880 277.024261 348.821960
gray000090 0.010820 213.796143 227.592224 314.545288 328.241943
gray000090 0.004477 264.403870 282.316711 296.970276 343.159424
gray000090 0.004174 218.682800 247.036896 251.257996 316.588043
gray000090 0.003384 235.772659 260.209351 290.490540 365.892151
gray000090 0.002746 348.497437 130.898743 353.429504 135.846954
gray000090 0.002589 216.861938 283.230835 316.102173 377.735779
gray000090 0.002258 229.994934 288.292725 299.599915 337.947998
gray000090 0.002071 204.840805 256.576172 268.456818 308.030457
gray000090 0.001602 198.110733 285.032532 213.195023 316.168884
gray000090 0.001526 201.041183 323.906342 270.485352 370.708649
gray000090 0.001227 219.331818 303.386078 280.834564 355.168854
gray000091 0.483443 153.031891 114.544243 318.680817 303.959961
gray000091 0.065568 175.304398 153.974579 299.718231 264.079559
gray000091 0.003171 170.350174 186.772003 265.267487 285.976135
gray000091 0.001637 18.624405 103.874626 411.232300 311.816132
gray000091 0.001372 217.331116 156.482727 280.950409 301.273773
gray000091 0.001050 294.986145 147.850021 360.448486 197.225296
gray000092 0.022229 108.430939 298.472504 142.759399 322.169281
gray000092 0.014022 117.814064 285.461700 147.835403 339.533417
gray000093 0.078927 272.043213 255.195679 277.713928 262.488037
gray000093 0.031917 191.934387 123.306602 359.590271 289.067993
gray000093 0.027298 282.312195 215.097900 316.651367 276.432373
gray000093 0.018891 294.218628 219.488419 327.540161 271.864594
gray000093 0.014828 267.792755 251.878281 274.738617 258.742676
gray000093 0.014157 271.930389 252.838257 277.663605 258.475037
gray000093 0.008719 267.823578 255.290375 275.247528 261.238251
gray000093 0.007537 223.829315 190.111298 328.326202 290.013214
gray000093 0.005466 122.634384 94.787727 426.092041 320.754456
gray000093 0.004514 218.747635 292.065063 279.971771 337.762146
gray000093 0.003578 284.657471 231.927032 334.207397 255.789185
gray000093 0.002644 286.043457 203.309662 337.232788 293.656097
gray000093 0.001313 232.354050 198.949036 263.130432 266.472595
gray000093 0.001123 233.588989 169.617523 296.560974 264.926788
gray000093 0.001079 257.326630 206.451416 312.827423 260.825714
gray000094 0.015230 329.244598 249.927155 360.707001 312.368195
gray000094 0.006810 316.171234 239.693024 373.436371 319.000458
gray000094 0.002145 159.656952 274.402161 182.781738 295.887573
gray000094 0.001111 163.088943 181.637070 231.623093 221.280624
gray000095 0.490516 137.792404 250.660751 188.249039 287.791809
gray000095 0.013903 148.421021 250.610016 170.088165 286.140228
gray000096 0.472915 362.496307 250.824738 416.122894 291.862579
gray000096 0.468046 157.306595 292.117004 190.856491 339.920166
gray000096 0.030613 164.400513 299.558746 184.273071 332.123505
gray000096 0.005993 377.110870 253.279633 400.747467 288.199554
gray000096 0.002617 141.502808 270.383972 202.929382 358.871338
gray000096 0.001171 319.717133 236.969345 427.029755 318.488312
gray000097 0.778200 388.188202 319.132629 421.412994 344.930847
gray000097 0.020233 370.940643 308.964020 429.207855 353.207184
gray000098 0.040563 182.861053 264.698608 249.792175 305.412598
gray000098 0.024210 189.664093 309.542480 243.116608 349.070374
gray000098 0.013344 238.117767 215.811829 361.137543 324.895020
gray000098 0.010156 165.670837 263.322052 265.505676 350.754364
gray000098 0.004633 161.168381 277.829498 217.102646 314.292511
gray000098 0.003395 179.153427 240.257248 186.816025 249.593185
gray000098 0.002225 196.732971 270.863464 237.171661 319.587708
gray000098 0.001843 214.600098 251.609833 321.687622 342.448212
gray000099 0.033378 54.874401 203.998779 155.146378 296.006653
gray000099 0.008999 58.626068 241.726501 149.304718 286.948608
