gray000000 0.093055 320.437988 220.843628 340.112549 234.104218
gray000000 0.014083 182.777206 245.161682 304.246521 369.078369
gray000000 0.006342 327.439270 215.702591 352.207458 229.359116
gray000000 0.006291 318.976746 217.144562 334.301941 231.311218
gray000000 0.005910 183.395660 156.864105 357.936554 392.390228
gray000000 0.004665 326.193054 220.980911 353.268555 235.610397
gray000000 0.002363 229.708374 258.059326 299.293823 336.433899
gray000000 0.002189 356.075562 224.346313 373.654297 233.576447
gray000000 0.002184 215.475830 276.514740 282.610565 350.464203
gray000000 0.001943 334.512482 213.172821 360.769012 231.830139
gray000000 0.001679 331.376526 217.840179 365.314392 240.212769
gray000000 0.001679 1.000000 213.273560 6.830118 245.408569
gray000000 0.001360 264.536987 278.311737 306.138062 308.188568
gray000000 0.001233 343.295563 222.512512 368.238129 235.195862
gray000000 0.001231 276.141998 286.067841 295.077423 300.469086
gray000000 0.001195 204.822784 296.175964 262.661774 361.197144
gray000000 0.001140 314.741882 216.598450 348.730652 245.993225
gray000000 0.001120 127.860573 263.213898 173.305115 303.811432
gray000001 0.295541 347.064850 314.351501 367.739044 331.065430
gray000001 0.175864 379.033447 259.448120 416.131042 280.922180
gray000001 0.017827 342.653473 299.295837 376.307404 334.961243
gray000001 0.015962 390.782227 265.477478 415.505798 284.423035
gray000001 0.004639 382.812744 255.981003 423.718628 296.353882
gray000001 0.002114 344.916779 291.951416 366.375519 306.532959
gray000001 0.001327 400.398956 260.696564 419.382843 276.438629
gray000001 0.001089 331.761841 291.686615 390.313354 340.787323
gray000001 0.001016 371.632172 302.553345 406.561310 333.385132
gray000001 0.001012 342.227264 310.497986 359.261810 327.727905
gray000002 0.055288 215.177246 195.289612 228.911591 204.299286
gray000002 0.049747 131.258301 344.544281 169.740509 379.338409
gray000002 0.001696 342.964325 242.058228 353.667328 249.392334
gray000002 0.001358 176.027603 279.985931 302.964355 387.670807
gray000003 0.175863 266.388733 276.914307 307.919128 309.976990
gray000003 0.009976 292.636963 324.431671 308.699158 337.463593
gray000003 0.007733 260.622192 267.951233 324.252441 321.619080
gray000003 0.006021 122.687042 256.948822 289.135040 353.201202
gray000003 0.005606 105.179688 256.626068 142.734329 279.726166
gray000003 0.004640 382.071899 247.662994 393.643372 255.919403
gray000003 0.003918 290.116913 318.505341 311.954254 335.299469
gray000003 0.003355 284.180450 318.506256 302.263275 334.043427
gray000003 0.003250 465.302795 381.836487 472.842529 386.523254
gray000003 0.002540 97.972137 244.927475 146.891022 287.893982
gray000003 0.002020 233.154236 258.623657 367.720947 343.175415
gray000003 0.001544 172.911606 264.038300 230.498734 333.114777
gray000003 0.001503 235.476410 212.371292 253.933075 227.168625
gray000003 0.001036 278.474884 309.553223 314.925018 346.108582
gray000004 0.426859 128.919037 300.833496 169.371979 336.043945
gray000004 0.050164 99.644035 210.729736 107.074944 218.110199
gray000004 0.022976 137.884903 299.022369 175.151596 322.545624
gray000004 0.022746 136.720932 311.335724 161.715744 335.539581
gray000004 0.015908 105.206215 292.456787 196.820526 363.567932
gray000004 0.012841 240.872955 236.420578 268.554871 253.560379
gray000004 0.006915 198.884567 356.881744 212.712662 372.321075
gray000004 0.005500 121.882431 161.788010 127.179840 166.917465
gray000004 0.005301 131.854248 291.601318 195.014771 338.975586
gray000004 0.003784 129.926651 306.213318 155.837997 328.162537
gray000004 0.003493 119.385307 295.546295 131.268616 304.593414
gray000004 0.003320 117.258995 306.177246 131.759308 324.348694
gray000004 0.003079 97.127182 207.605896 109.579025 220.663635
gray000004 0.002795 97.794319 213.856644 107.473564 222.680710
gray000004 0.001795 421.442902 303.291870 437.172516 315.865845
gray000004 0.001701 421.126282 310.329407 434.509827 322.254639
gray000004 0.001454 159.261673 300.524750 184.815842 315.037201
gray000004 0.001376 204.120972 352.031921 217.922363 366.391663
gray000004 0.001290 428.662445 303.613892 441.202850 313.794189
gray000004 0.001261 196.866333 348.994385 213.580719 369.028381
gray000004 0.001164 139.939285 322.910522 158.050095 338.071594
gray000004 0.001140 153.247375 296.463379 191.711365 320.774902
gray000004 0.001002 119.930664 305.616302 141.792145 325.409760
gray000005 0.533285 198.584473 286.354370 209.646851 299.829895
gray000005 0.230322 208.933838 347.469910 216.291595 353.635620
gray000005 0.062696 148.489960 271.993927 189.994843 319.998077
gray000005 0.055621 193.623703 224.619049 203.493698 230.285400
gray000005 0.044654 195.071136 356.778015 201.968933 362.296387
gray000005 0.029640 216.715286 348.353943 223.324234 354.573486
gray000005 0.028274 293.731567 208.455200 306.378723 219.401703
gray000005 0.027683 192.140564 359.243073 201.042938 366.011078
gray000005 0.026227 312.174622 219.170334 319.427368 224.345108
gray000005 0.022453 362.484070 258.067596 368.122864 264.565765
gray000005 0.022039 173.971970 247.638123 185.708267 257.974426
gray000005 0.013201 330.462189 226.874634 338.470428 235.413544
gray000005 0.012044 344.026611 250.251663 352.155090 258.478943
gray000005 0.012005 167.748764 248.593384 178.183640 258.742279
gray000005 0.011582 179.554916 356.831787 185.434708 361.689880
gray000005 0.011131 145.051727 274.074219 165.068542 297.709961
gray000005 0.010902 197.426346 225.671143 205.819962 231.676270
gray000005 0.010160 139.897766 277.666748 157.030670 296.226196
gray000005 0.009784 206.081009 344.592346 219.596085 356.434692
gray000005 0.009474 366.948700 258.621338 374.179047 265.276123
gray000005 0.009426 162.657333 357.006195 167.850815 362.216705
gray000005 0.008921 178.853607 223.283493 186.908051 229.519333
gray000005 0.008617 139.300674 254.544586 200.712540 314.277313
gray000005 0.008341 181.659271 221.217010 190.939453 227.612793
gray000005 0.008172 330.528137 253.664963 349.007141 269.188324
gray000005 0.008119 287.092651 207.731857 301.223999 218.304153
gray000005 0.006925 161.388336 286.804871 198.959839 331.805115
gray000005 0.006458 179.926239 221.077942 186.433350 227.231903
gray000005 0.006428 145.567352 354.572998 151.887299 360.625610
gray000005 0.006383 165.322464 253.732529 179.698898 264.608704
gray000005 0.006066 359.195801 339.256897 367.289673 345.554260
gray000005 0.005375 171.485138 252.805435 187.491791 265.152069
gray000005 0.005320 215.274292 350.142578 224.970398 358.911377
gray000005 0.005019 150.497574 281.013580 178.297409 302.568817
gray000005 0.004837 214.716248 320.835693 224.042938 328.295837
gray000005 0.004811 344.169342 279.692444 352.322723 287.938538
gray000005 0.004665 175.181107 241.213333 185.017654 249.763474
gray000005 0.004582 190.864975 222.372284 206.837112 235.235229
gray000005 0.004362 173.153427 293.867859 189.521439 307.945312
gray000005 0.004360 301.995972 214.844513 316.178467 223.192841
gray000005 0.004270 301.484802 209.368118 313.807312 220.814713
gray000005 0.004247 341.366333 254.455505 352.977661 265.861694
gray000005 0.004125 180.755188 246.523209 194.303955 257.399780
gray000005 0.004123 170.027985 244.668884 190.653107 263.308472
gray000005 0.003968 195.977859 290.506866 209.044113 304.481232
gray000005 0.003958 334.433563 227.470612 342.207428 235.596832
gray000005 0.003876 152.122818 354.747559 160.008072 361.901428
gray000005 0.003854 139.937714 266.773438 172.664062 303.308594
gray000005 0.003830 180.703522 299.337280 196.063049 317.544678
gray000005 0.003812 180.759537 294.739014 195.488174 307.764282
gray000005 0.003692 144.786057 250.905792 151.831314 256.468262
gray000005 0.003618 285.792511 205.417862 314.888947 222.336472
gray000005 0.003227 147.026459 337.878784 151.744873 343.993286
gray000005 0.003084 160.838028 290.364014 184.133957 311.016113
gray000005 0.003003 343.574005 272.566650 351.401703 282.151001
gray000005 0.002940 191.756516 288.408325 206.772507 300.792725
gray000005 0.002896 353.346497 339.058136 362.568054 346.742218
gray000005 0.002764 161.844879 296.506012 183.583405 321.492340
gray000005 0.002749 207.672546 350.003754 219.275604 358.777130
gray000005 0.002710 189.763382 294.788940 205.348801 304.822876
gray000005 0.002706 171.671143 297.392487 190.885925 319.785248
gray000005 0.002689 166.732178 248.705170 192.965302 272.672821
gray000005 0.002518 325.486176 252.827179 342.125824 267.932159
gray000005 0.002511 237.638153 285.502533 247.598419 296.518768
gray000005 0.002441 181.893051 241.509872 193.539383 250.373489
gray000005 0.002418 308.351685 239.086533 322.438721 249.685867
gray000005 0.002361 157.818985 273.573700 185.705338 297.050629
gray000005 0.002340 333.494385 259.914429 347.216919 275.145020
gray000005 0.002322 324.134369 247.895782 338.753876 260.019684
gray000005 0.002159 161.450119 359.340179 168.168015 365.867645
gray000005 0.002141 174.767303 293.703186 201.233337 324.773987
gray000005 0.002130 351.916473 256.350800 361.019501 265.262054
gray000005 0.002044 232.061310 322.633179 237.800110 328.977173
gray000005 0.001960 121.948990 262.177399 224.620590 346.346466
gray000005 0.001883 319.373352 241.641953 331.035461 250.918869
gray000005 0.001877 334.520233 231.458008 343.183258 239.265991
gray000005 0.001740 299.064575 236.129868 317.922913 251.416855
gray000005 0.001711 190.849899 240.883865 202.871811 250.730881
gray000005 0.001694 300.305756 232.642014 315.481476 244.076736
gray000005 0.001651 190.297775 353.342834 205.500595 364.758545
gray000005 0.001629 279.311249 208.862762 291.350189 217.314575
gray000005 0.001629 176.053177 231.404449 186.938034 241.903534
gray000005 0.001472 360.367523 261.761658 368.417450 271.179443
gray000005 0.001400 153.275040 242.232178 160.688583 248.674530
gray000005 0.001390 295.027710 233.291061 308.703613 243.229050
gray000005 0.001360 179.591949 304.524597 197.368347 328.542419
gray000005 0.001261 368.143707 287.879120 375.385468 297.643158
gray000005 0.001232 168.412170 241.200439 178.129089 249.440643
gray000005 0.001205 143.881363 330.188873 149.693069 337.685944
gray000005 0.001193 318.966461 246.606125 332.216583 258.218750
gray000005 0.001192 165.394897 305.758698 199.904144 346.299042
gray000005 0.001184 138.112747 256.610809 145.233932 262.173370
gray000005 0.001178 176.082764 243.061127 200.233704 263.612213
gray000005 0.001171 231.933182 284.969299 244.059738 298.399292
gray000005 0.001164 227.485321 328.818848 234.179474 336.224426
gray000005 0.001140 170.120651 284.996796 189.752701 304.025238
gray000005 0.001133 188.394211 245.742676 203.689743 257.731873
gray000005 0.001102 136.890244 296.427948 145.141830 305.155609
gray000005 0.001065 198.179337 354.533295 208.703018 360.734772
gray000005 0.001042 320.940826 248.871872 346.411163 273.127655
gray000005 0.001041 178.350693 272.893097 218.111649 319.725372
gray000005 0.001027 180.350845 313.240448 195.874680 335.459991
gray000005 0.001026 158.880203 241.017166 168.046799 248.022354
gray000005 0.001020 147.332062 246.483658 191.195282 289.661865
gray000006 0.406449 315.665466 275.603943 339.285339 290.513489
gray000006 0.109503 203.326889 279.424408 212.944687 290.377472
gray000006 0.075081 317.145386 269.356262 344.064453 296.883850
gray000006 0.053864 170.921814 234.378876 176.792603 240.389496
gray000006 0.015971 204.902649 277.866089 218.555389 293.035583
gray000006 0.015411 197.923203 335.748779 210.680252 346.546570
gray000006 0.011729 332.126221 276.716736 344.909607 286.234558
gray000006 0.011622 174.873703 232.321396 181.374344 238.305466
gray000006 0.011463 168.286438 239.721344 175.355316 245.906250
gray000006 0.010359 297.179413 274.317291 307.326385 282.556305
gray000006 0.003443 283.555206 252.503677 298.639374 268.314240
gray000006 0.002521 351.969910 273.858734 360.391663 281.063751
gray000006 0.002502 176.158646 227.800095 182.149002 235.240402
gray000006 0.002418 162.631622 241.218414 170.323547 247.626068
gray000006 0.001578 167.459335 231.724564 179.754990 243.938644
gray000006 0.001542 194.664230 332.444458 215.274033 350.375610
gray000006 0.001488 195.895416 338.467529 211.906036 357.158020
gray000006 0.001072 295.580963 269.863983 309.488800 286.506989
gray000006 0.001023 189.654083 336.354492 203.544403 347.096802
gray000007 0.053790 140.228958 278.161072 174.263718 308.214294
gray000007 0.032818 139.157608 272.902039 193.029739 317.202209
gray000007 0.018853 320.356537 335.512573 342.407318 342.020630
gray000007 0.005725 108.377281 259.591095 240.921906 336.847870
gray000007 0.002559 143.313110 278.491089 168.954803 296.303040
gray000007 0.002495 315.511902 334.325500 349.617798 344.836182
gray000007 0.002182 138.568268 281.399292 161.797516 302.765930
gray000007 0.001889 285.281555 323.128998 296.186829 329.518524
gray000007 0.001876 370.863068 313.387817 414.561310 339.635559
gray000007 0.001668 370.857025 327.607758 388.782990 338.627472
gray000007 0.001603 144.837555 255.015717 222.115906 313.339691
gray000007 0.001395 380.511139 328.285583 396.186493 336.933044
gray000007 0.001289 358.281891 142.197144 372.621307 151.048431
gray000007 0.001141 126.333862 352.139648 138.914032 359.015625
gray000007 0.001060 186.652420 293.188660 208.165939 310.401001
gray000008 0.011780 293.772949 259.963501 323.802246 293.163330
gray000008 0.010995 312.044861 304.326569 332.803833 326.735565
gray000008 0.010408 287.371429 252.385254 332.899323 308.074768
gray000008 0.003539 148.608292 328.045013 163.134628 334.150970
gray000008 0.003523 297.345215 260.884491 318.231445 280.126190
gray000008 0.002140 329.805420 233.586411 349.870178 253.188797
gray000008 0.001940 295.262817 214.414551 394.496948 316.713684
gray000008 0.001559 146.890457 275.528229 192.083572 316.963776
gray000008 0.001502 107.681259 240.965134 164.545242 289.119537
gray000008 0.001303 314.602966 229.239563 372.933167 303.080505
gray000008 0.001220 298.658875 211.667114 362.161499 286.225616
gray000008 0.001078 137.063095 253.820221 201.015427 310.829620
gray000008 0.001024 74.432724 224.902786 213.982590 322.451813
gray000009 0.514106 378.735779 260.135559 413.634033 280.532837
gray000009 0.018390 345.473846 316.329559 370.492035 334.675262
gray000009 0.003429 348.095581 324.467499 368.503601 337.586700
gray000009 0.002974 335.232941 300.216400 376.918365 337.448700
gray000009 0.002399 367.764313 251.482422 423.562225 302.972717
gray000009 0.001352 370.747528 265.608429 391.160736 285.354706
gray000009 0.001160 348.035828 287.297180 364.663940 298.395264
gray000010 0.038342 294.404785 276.967316 327.351501 325.637970
gray000010 0.038126 138.382690 259.298340 216.172546 351.918396
gray000010 0.036517 296.459442 288.468903 319.605682 315.804840
gray000010 0.020962 92.654594 252.263718 102.969154 265.255859
gray000010 0.020695 92.714531 214.152542 103.793175 222.882950
gray000010 0.020146 407.625427 216.315781 413.834351 223.109146
gray000010 0.017260 168.804977 242.398941 229.091537 318.905029
gray000010 0.015194 220.371048 66.028084 232.852493 71.232353
gray000010 0.014222 104.737854 198.865997 116.391861 209.465820
gray000010 0.013611 142.529160 280.921082 187.617538 342.991882
gray000010 0.013468 94.540451 209.675247 105.646072 219.687119
gray000010 0.011041 266.825165 267.376862 344.606476 350.468353
gray000010 0.010439 343.405151 393.100159 352.257141 398.489258
gray000010 0.007106 106.504128 193.769180 116.041740 203.259537
gray000010 0.006667 129.294800 178.283203 136.752991 185.364746
gray000010 0.005365 281.522949 278.390442 322.069031 343.374817
gray000010 0.003901 145.043716 222.169830 260.272400 340.521637
gray000010 0.003668 101.707054 206.628036 114.004768 215.766769
gray000010 0.003613 90.278419 216.426407 99.820808 224.587234
gray000010 0.003181 174.212784 247.336548 201.461441 287.439636
gray000010 0.002650 108.960411 192.796234 118.894218 201.416199
gray000010 0.002202 92.366409 242.843719 105.624084 265.378357
gray000010 0.001890 171.001343 249.589920 194.344788 271.648010
gray000010 0.001791 91.113396 231.526794 106.886070 257.035583
gray000010 0.001757 318.979858 310.346619 328.772461 324.803406
gray000010 0.001755 366.658844 171.194351 409.217438 207.787643
gray000010 0.001654 185.997314 136.040207 220.717072 174.163223
gray000010 0.001628 177.214661 254.446014 215.146362 298.859772
gray000010 0.001436 374.835358 172.338028 399.753571 189.811264
gray000010 0.001362 107.797310 197.481750 119.139030 207.103729
gray000010 0.001145 288.824310 297.589630 314.182465 337.490936
gray000010 0.001053 140.860413 299.269806 171.681458 348.700653
gray000010 0.001039 147.618591 291.522583 167.049530 327.234863
gray000010 0.001020 190.824982 293.387390 206.624084 306.611023
gray000011 0.551739 126.430832 229.562119 159.594406 261.651184
gray000011 0.007473 116.971474 222.080338 168.139526 273.694824
gray000011 0.004951 213.795563 151.602829 226.553772 159.777786
gray000011 0.003796 368.013031 123.658089 377.781769 130.962753
gray000011 0.003485 149.086334 228.090057 182.075684 262.689026
gray000011 0.002959 241.462570 174.376221 254.177963 182.824615
gray000011 0.002746 160.335739 234.219986 182.201004 256.597290
gray000011 0.001828 307.794922 232.462708 323.792725 244.482147
gray000011 0.001753 206.736969 152.406799 219.946167 160.653107
gray000011 0.001711 331.359406 245.541397 346.345673 259.423706
gray000011 0.001344 148.902725 306.893799 163.153946 311.832886
gray000011 0.001067 201.053802 154.691467 210.303253 161.268341
gray000012 0.109769 72.027222 244.509659 200.029205 348.816772
gray000012 0.025291 141.366562 343.365143 159.091995 358.134430
gray000012 0.001757 1.000000 235.655777 19.239803 290.657135
gray000012 0.001619 1.000000 232.615845 9.101816 274.482117
gray000012 0.001611 99.335938 228.276215 205.078003 305.840790
gray000012 0.001523 62.521439 235.235153 150.821686 329.422668
gray000012 0.001349 273.833679 181.255829 290.354614 191.108307
gray000013 0.810803 135.234146 334.682556 195.558182 389.316895
gray000013 0.007325 117.573761 305.656097 219.423798 393.221710
gray000013 0.003811 147.449600 349.406342 182.278152 377.153229
gray000013 0.002539 362.885864 270.391571 382.494629 285.688995
gray000013 0.001504 320.499207 237.709793 333.608459 253.315842
gray000014 0.611978 186.361115 231.785110 210.859741 251.671371
gray000014 0.015063 223.547729 236.308670 239.125580 249.805527
gray000014 0.013380 160.480652 240.782211 169.698120 247.521622
gray000014 0.003203 163.364944 238.473251 177.253708 247.041946
gray000014 0.002775 154.185806 255.731354 162.162094 261.829803
gray000014 0.002303 360.802277 249.505692 366.968475 254.174149
gray000014 0.002248 165.167648 233.683319 177.040787 243.861847
gray000014 0.001484 352.206604 234.272873 359.707581 241.086929
gray000014 0.001150 157.877853 247.867279 167.869797 255.964325
gray000014 0.001130 161.540375 235.179123 170.765320 243.185410
gray000015 0.274391 335.653961 293.480408 365.840363 330.501160
gray000015 0.104740 330.671204 196.091797 419.692505 276.630249
gray000015 0.007059 326.289429 285.210846 373.920898 340.434052
gray000015 0.004455 110.081543 285.067993 144.737900 318.374756
gray000015 0.002388 348.904358 202.310196 360.799316 211.103012
gray000015 0.002346 340.045502 204.152328 358.681610 220.102737
gray000015 0.002230 347.525269 210.329620 399.075623 264.414398
gray000015 0.002082 341.891724 200.444733 355.957275 211.079102
gray000015 0.001758 99.425743 267.258362 150.148849 331.736877
gray000015 0.001678 173.936493 276.601257 314.065796 400.849854
gray000016 0.855709 80.072784 244.228897 200.875610 360.272156
gray000016 0.003138 29.177086 186.201569 254.847534 421.182220
gray000016 0.002486 82.713531 289.203064 160.720993 361.453064
gray000016 0.002061 99.635284 264.550964 184.495361 321.847290
gray000016 0.001642 320.813477 184.428177 329.804077 191.561813
gray000017 0.034948 226.414413 212.520859 313.260406 283.381775
gray000017 0.017470 220.131134 263.481689 322.202423 353.885620
gray000017 0.008105 214.434799 288.107361 289.254822 370.276123
gray000017 0.005869 245.382401 232.983597 293.002747 289.081665
gray000017 0.004826 241.474960 240.738831 318.749146 317.151123
gray000017 0.004166 234.656387 307.649811 284.577515 359.694855
gray000017 0.002720 239.899658 322.362762 270.861328 361.354828
gray000017 0.002661 196.828995 226.003357 300.104492 314.365417
gray000017 0.002122 264.642517 279.162720 327.878418 347.929260
gray000017 0.001938 282.563568 270.279907 318.430695 299.882385
gray000017 0.001717 236.291641 271.411438 257.444000 286.145630
gray000017 0.001530 289.091370 275.289154 312.170471 293.554474
gray000017 0.001498 221.173401 291.671234 268.204559 343.642548
gray000017 0.001267 233.333832 292.342712 303.756805 343.803772
gray000017 0.001185 285.466339 290.963043 331.599884 326.518341
gray000018 0.135706 129.367889 298.426208 147.350647 316.299805
gray000018 0.052798 121.735535 295.244110 145.144775 321.660980
gray000018 0.011713 148.900436 305.445129 160.549576 312.509766
gray000018 0.006009 405.723785 233.309067 417.340240 246.928146
gray000018 0.004793 337.975372 324.808807 360.758026 343.945099
gray000018 0.003881 109.321587 309.941864 125.257133 326.048859
gray000018 0.003826 328.411133 312.677704 366.344421 346.254242
gray000018 0.003176 162.747925 276.928009 181.779938 292.648956
gray000018 0.002776 117.943176 281.290375 152.305603 323.876740
gray000018 0.002638 113.478592 306.542267 135.040161 328.109283
gray000018 0.002582 109.183029 292.666321 141.133713 327.297119
gray000018 0.002563 124.410278 350.685181 137.402649 357.167358
gray000018 0.002534 142.930557 304.325500 156.407700 312.996887
gray000018 0.002526 166.186264 305.652344 177.707748 314.988770
gray000018 0.002525 263.872711 229.988052 275.667572 241.202286
gray000018 0.002272 345.433044 331.698151 363.687988 345.567719
gray000018 0.002271 157.451584 305.071625 171.629868 312.429657
gray000018 0.001514 123.711197 289.085144 142.168411 301.969421
gray000018 0.001449 173.579956 319.974426 184.781616 331.738525
gray000018 0.001219 100.798897 309.698029 113.923897 325.257782
gray000018 0.001095 110.098190 316.758301 124.831635 329.510864
gray000019 0.048177 100.702621 296.311127 195.398544 375.135223
gray000019 0.021946 331.259766 362.373901 340.012512 370.912537
gray000019 0.016570 378.692505 362.507599 386.978210 372.721039
gray000019 0.003814 305.551208 378.528229 311.675781 384.667389
gray000019 0.003798 364.452637 367.975067 377.418335 376.111359
gray000019 0.003665 156.619812 311.031525 190.645233 356.112396
gray000019 0.002991 156.996735 331.944702 170.567444 349.106750
gray000019 0.002978 140.206696 306.240723 173.468384 361.820435
gray000019 0.002501 154.166580 324.375763 175.592117 358.116913
gray000019 0.002158 328.652252 359.847046 342.604584 373.181641
gray000019 0.001919 376.411407 358.982300 389.152008 375.358704
gray000019 0.001879 125.439041 283.336243 181.182632 349.522156
gray000019 0.001862 116.184807 299.066315 149.685944 352.054474
gray000019 0.001725 110.936844 272.499176 230.616440 400.709015
gray000019 0.001606 1.000000 213.182556 6.923170 245.300323
gray000019 0.001329 391.193115 305.972809 401.927368 315.465790
gray000019 0.001295 132.141907 296.081879 165.365936 340.116669
gray000019 0.001240 150.533051 331.136688 164.129517 350.181915
gray000019 0.001213 127.672493 301.639252 153.842529 334.132843
gray000019 0.001188 405.544708 381.001373 418.213348 391.897797
gray000019 0.001185 130.873779 306.397949 148.812531 327.568420
gray000019 0.001182 67.115837 178.221130 205.808105 321.294342
gray000019 0.001176 332.836548 366.111481 344.830872 377.199188
gray000019 0.001097 163.978500 322.736206 181.884140 344.072815
gray000019 0.001057 80.226151 276.787567 126.363968 318.292938
gray000019 0.001013 55.576031 254.924637 175.300308 361.339081
gray000020 0.893032 117.293198 260.800140 187.330704 328.589935
gray000020 0.024640 96.616440 244.557907 206.051071 346.927429
gray000021 0.782075 339.405304 311.093964 377.250702 349.709259
gray000022 0.036737 301.502716 290.566925 347.589691 324.171112
gray000022 0.028745 341.345978 298.816254 361.203094 319.577545
gray000022 0.006496 304.199799 292.195587 332.478729 314.970734
gray000022 0.006393 322.722443 294.387848 368.202362 323.080170
gray000022 0.003573 291.131683 276.631226 362.677094 326.313599
gray000022 0.002134 335.139221 290.301056 379.215942 331.487701
gray000022 0.001672 387.270264 264.656525 404.298706 276.203827
gray000023 0.890113 311.121582 270.980011 335.334473 297.481110
gray000023 0.360393 121.955971 289.742981 143.340164 312.119446
gray000023 0.011834 186.934586 278.224670 202.998123 292.286804
gray000023 0.011137 178.347549 277.019989 200.666885 295.588959
gray000023 0.006602 119.694885 281.444855 149.045013 319.058319
gray000023 0.002678 329.994995 267.121735 368.790222 302.942108
gray000023 0.001907 301.878540 259.135437 351.599792 309.291992
gray000023 0.001342 185.714951 282.383606 204.401779 298.583923
gray000023 0.001186 237.374451 201.569672 249.513672 213.162231
gray000024 0.005573 147.048370 325.241974 168.740265 344.294586
gray000024 0.004352 283.797119 294.615204 304.057800 309.019501
gray000024 0.002703 392.902191 188.491943 399.172089 194.440308
gray000024 0.001694 282.045349 302.021667 313.790161 350.611267
gray000024 0.001247 340.107941 157.363510 355.416595 175.051285
gray000024 0.001213 263.245392 224.330811 272.454193 231.713593
gray000024 0.001120 392.406830 191.245483 400.768097 199.834961
gray000025 0.048352 178.315643 334.412903 187.328217 341.206238
gray000025 0.025826 424.254730 197.050201 431.432892 202.129333
gray000025 0.020598 296.254150 346.002747 302.465637 353.723572
gray000025 0.010556 418.088562 195.177612 426.446838 200.408752
gray000025 0.009150 423.307251 199.091278 432.084717 205.059143
gray000025 0.004433 322.791046 350.856293 331.988251 360.242706
gray000025 0.002685 176.624634 333.268524 189.364746 345.897125
gray000025 0.002411 171.078979 321.491608 179.776093 331.054657
gray000025 0.002218 407.976746 193.140717 416.117859 198.700806
gray000025 0.002145 180.596848 332.023804 191.173355 340.420471
gray000025 0.001588 87.704872 172.132324 95.658791 177.174438
gray000025 0.001288 431.582642 196.121445 439.265991 201.691727
gray000025 0.001269 391.168457 209.582474 400.371704 216.662735
gray000025 0.001190 182.485794 313.955719 192.380051 321.708954
gray000026 0.296385 95.386505 266.136597 190.259369 337.062195
gray000026 0.020988 112.012161 268.957550 170.238663 318.729889
gray000026 0.007435 404.519531 303.586121 424.557495 319.497498
gray000026 0.002882 131.987640 265.179443 180.628021 306.849548
gray000026 0.001312 106.109726 271.982239 147.039139 330.993652
gray000027 0.238067 184.475327 213.619843 276.259033 283.272614
gray000027 0.027744 203.512604 220.790710 252.749237 271.151642
gray000027 0.001908 360.198944 208.961975 371.822784 220.304871
gray000027 0.001845 168.463013 206.736359 305.545593 320.536957
gray000027 0.001697 362.374298 212.923782 379.266449 226.730942
gray000027 0.001403 193.790924 227.559464 233.443329 276.219238
gray000028 0.065574 167.353836 261.361816 258.852295 356.989929
gray000028 0.012805 154.427460 226.678726 268.490021 326.490936
gray000028 0.007864 187.927811 294.279938 278.699890 364.556793
gray000028 0.005111 176.878265 200.194382 302.045105 291.229401
gray000028 0.003389 187.671051 242.753403 246.918182 319.541046
gray000028 0.003366 199.358429 235.836945 264.412781 294.124237
gray000028 0.001391 190.167053 279.412720 252.131866 338.917114
gray000029 0.195116 312.394043 284.259399 332.359741 300.633423
gray000029 0.066076 293.712463 268.400940 332.706909 300.732056
gray000029 0.063317 196.846954 304.269836 207.619598 309.310608
gray000029 0.038568 224.525909 184.142197 235.029297 192.409500
gray000029 0.015106 193.926651 305.842682 204.270584 311.019440
gray000029 0.008834 315.974945 307.578125 327.526886 312.976074
gray000029 0.008608 228.128235 183.744293 241.358246 191.828522
gray000029 0.004155 222.694016 183.041092 237.602859 196.904037
gray000029 0.004138 306.407593 280.658142 341.213989 305.571045
gray000029 0.003127 195.435379 302.710785 210.930862 314.462616
gray000029 0.002909 283.532471 260.846191 344.948608 306.543457
gray000029 0.002861 128.158569 194.903076 240.669128 302.814453
gray000029 0.002611 299.810791 283.316833 322.300476 300.877258
gray000029 0.002356 147.714203 234.899109 221.799408 294.070129
gray000029 0.002263 305.826263 307.162842 314.905731 315.580322
gray000029 0.001573 137.712387 219.818665 200.547104 281.157196
gray000029 0.001488 164.790375 307.582245 177.771545 315.010773
gray000029 0.001195 174.530579 215.696564 225.150970 282.740967
gray000029 0.001192 309.901825 293.868134 325.521393 308.105621
gray000030 0.110599 106.244644 209.857925 202.138199 321.341187
gray000030 0.001999 108.898087 220.593689 166.787033 281.798615
gray000030 0.001268 120.901711 231.247864 192.266296 291.004944
gray000030 0.001030 106.531746 226.161484 143.203186 263.875000
gray000031 0.820647 160.076859 323.885193 200.352707 358.848022
gray000031 0.016619 157.808044 326.652771 174.828064 358.068665
gray000031 0.013967 104.890450 209.908600 111.533363 215.063568
gray000031 0.004086 98.502350 231.611511 107.214828 239.576233
gray000031 0.002646 353.607025 206.412125 362.519867 216.114883
gray000031 0.002510 414.314270 214.763641 423.608521 221.987946
gray000031 0.002059 179.557617 169.133377 186.863647 174.420273
gray000031 0.001306 127.423843 309.158844 234.140823 372.773834
gray000031 0.001105 409.090790 209.222687 416.765778 216.746582
gray000032 0.826905 156.506805 238.888321 191.934448 271.262024
gray000032 0.401278 183.969086 297.160980 206.219818 323.828461
gray000032 0.006218 150.021286 226.770203 207.116898 280.107635
gray000033 0.090335 289.709106 313.129364 300.116150 325.539520
gray000033 0.034373 200.902405 315.033569 207.594116 321.410278
gray000033 0.034216 90.186142 202.949005 111.156113 222.339355
gray000033 0.030893 202.600250 203.709503 217.809784 219.064758
gray000033 0.027498 144.355789 209.118744 154.820175 219.885132
gray000033 0.024610 300.637543 332.728088 312.787933 346.544922
gray000033 0.019490 109.103745 197.021545 140.538773 228.469666
gray000033 0.016378 295.800507 332.256622 306.427155 345.721954
gray000033 0.012204 115.295616 159.815720 158.798828 209.727951
gray000033 0.012141 407.915070 336.392761 416.710114 343.499695
gray000033 0.011727 310.697449 183.913147 377.875488 281.979401
gray000033 0.011284 91.681419 200.049759 125.174660 226.088455
gray000033 0.009356 425.165405 155.202042 434.643372 163.394180
gray000033 0.008374 129.435776 162.933899 148.322098 182.423706
gray000033 0.007586 92.791061 192.031281 148.707245 238.392395
gray000033 0.007305 115.156288 149.867523 187.475159 220.329895
gray000033 0.007209 311.205200 351.094635 320.804321 363.057892
gray000033 0.006060 106.969482 168.197296 165.954285 234.351105
gray000033 0.006038 355.335876 306.684570 372.251892 324.654663
gray000033 0.005985 302.016296 338.799408 314.209290 357.285004
gray000033 0.005816 192.023804 330.208954 199.750488 337.105133
gray000033 0.005810 126.637436 163.966248 152.896103 196.771729
gray000033 0.005417 300.271515 323.993744 316.184967 345.293915
gray000033 0.005275 146.568558 204.967834 163.913773 223.662659
gray000033 0.004649 297.293701 320.218811 325.021362 365.718506
gray000033 0.004599 286.703583 309.578278 302.119293 336.879120
gray000033 0.004578 89.468262 257.469330 199.503479 360.164520
gray000033 0.004539 120.068993 201.720322 142.989349 221.546829
gray000033 0.004270 155.780731 300.692688 171.694122 317.616516
gray000033 0.004260 115.914337 188.197067 148.618225 223.426895
gray000033 0.004113 148.888077 301.352692 164.195663 317.504303
gray000033 0.004015 422.497559 191.151001 433.949707 199.845276
gray000033 0.004002 192.713654 312.902954 202.945312 321.631531
gray000033 0.003905 412.617462 142.334671 425.066742 157.386887
gray000033 0.003891 119.136932 274.215912 154.920868 318.694061
gray000033 0.003802 114.459663 196.804276 135.855286 216.298752
gray000033 0.003796 184.719406 328.901245 195.011703 338.623962
gray000033 0.003627 147.765686 117.329575 221.915375 188.768234
gray000033 0.003605 336.973480 183.306137 381.112274 254.790970
gray000033 0.003546 123.765167 169.110382 144.093445 191.404205
gray000033 0.003456 349.934662 301.335358 378.182098 331.062408
gray000033 0.003415 191.022125 336.992065 199.563385 344.589478
gray000033 0.003318 269.501190 68.532486 402.965668 165.504822
gray000033 0.003234 137.282196 59.891285 273.809509 169.979691
gray000033 0.003214 192.338318 44.876945 351.297058 183.892853
gray000033 0.002981 113.424011 241.616165 133.431519 261.812378
gray000033 0.002936 191.281128 321.553955 200.407410 329.261047
gray000033 0.002809 301.440582 317.857422 314.148224 330.925293
gray000033 0.002762 126.130692 158.345078 140.898941 172.866043
gray000033 0.002674 136.499451 202.113037 162.018433 226.345184
gray000033 0.002623 289.049408 303.450439 311.698700 356.452271
gray000033 0.002556 132.470093 275.323059 172.245056 320.636902
gray000033 0.002451 146.519104 285.713989 189.596619 339.897156
gray000033 0.002421 146.142700 297.043732 168.813751 322.670319
gray000033 0.002367 185.354034 336.697754 195.105621 346.440979
gray000033 0.002296 151.611221 174.854980 164.469955 187.378754
gray000033 0.002286 140.357239 300.973572 156.201782 317.687622
gray000033 0.002237 162.179703 66.305801 240.770920 143.477615
gray000033 0.002174 409.216736 330.989929 417.265137 339.873474
gray000033 0.002139 170.980560 312.532349 298.363892 415.001831
gray000033 0.002086 199.934830 319.783936 207.691513 327.075806
gray000033 0.002063 414.989807 329.149017 424.064941 337.216522
gray000033 0.002056 129.169479 204.266983 151.194656 219.561295
gray000033 0.002048 308.233978 340.293335 322.887909 359.349976
gray000033 0.001987 207.785751 287.915039 215.593430 296.748108
gray000033 0.001921 125.491409 198.368149 155.286789 225.738174
gray000033 0.001848 101.956993 227.030807 142.686340 274.902771
gray000033 0.001847 309.440063 347.286285 323.879761 366.988068
gray000033 0.001825 107.233078 127.128540 240.627731 231.074951
gray000033 0.001824 208.371048 296.782196 216.532578 306.088287
gray000033 0.001804 127.545685 188.788620 175.394073 241.545303
gray000033 0.001774 132.478668 300.779327 148.175598 317.965790
gray000033 0.001773 293.502747 323.384491 308.418396 346.049957
gray000033 0.001719 139.015701 135.722229 197.971176 202.346252
gray000033 0.001702 185.000702 321.884003 194.740692 331.101471
gray000033 0.001656 290.714783 316.620697 304.413330 331.141205
gray000033 0.001637 87.475945 307.684174 94.957481 315.032196
gray000033 0.001591 140.132446 163.503860 174.726654 199.479935
gray000033 0.001578 137.377701 295.944611 161.016159 323.483185
gray000033 0.001555 122.718452 176.686142 142.276779 199.103256
gray000033 0.001543 412.141052 149.301086 428.148682 161.624695
gray000033 0.001502 91.145401 152.692444 152.406158 218.504547
gray000033 0.001419 215.178116 295.954102 223.173935 304.368774
gray000033 0.001362 197.286774 310.739410 212.365326 325.374725
gray000033 0.001331 422.594818 321.228027 430.855988 328.806152
gray000033 0.001307 423.085144 150.348633 437.847595 166.948792
gray000033 0.001303 114.907936 283.915833 161.194916 341.704407
gray000033 0.001275 202.531296 201.668457 212.408768 215.087769
gray000033 0.001263 309.108673 317.280823 321.136810 331.604614
gray000033 0.001256 307.344299 331.795654 322.887756 350.191223
gray000033 0.001192 163.178986 300.293884 179.656647 317.208374
gray000033 0.001185 109.241783 233.534058 139.734146 259.351440
gray000033 0.001183 114.381050 208.438522 135.099808 230.017807
gray000033 0.001164 175.338333 328.341797 186.165359 340.830200
gray000033 0.001162 79.528618 158.390167 203.568756 259.337402
gray000033 0.001145 198.963013 330.228943 207.119843 337.651794
gray000033 0.001143 302.056091 312.749146 313.742310 325.180481
gray000033 0.001140 106.213600 197.855850 128.608551 215.801773
gray000033 0.001130 114.991440 242.068008 153.596329 288.234985
gray000033 0.001102 106.350029 259.529602 138.694458 304.184631
gray000033 0.001070 107.888237 279.996521 237.330414 385.978577
gray000033 0.001049 308.348480 326.098358 322.243988 342.079559
gray000033 0.001033 148.675064 307.027802 164.753036 324.239166
gray000033 0.001016 126.817558 293.457001 154.587723 326.051422
gray000033 0.001014 341.246857 286.558289 381.869293 339.117798
gray000033 0.001010 439.434235 280.324951 450.445770 292.450317
gray000034 0.101011 151.238068 225.053528 178.678986 247.700806
gray000034 0.017675 151.851257 248.078323 178.560059 275.444366
gray000034 0.016527 146.240540 242.689590 184.534454 288.855225
gray000034 0.006794 117.581879 234.131638 189.758850 297.045227
gray000034 0.005688 145.177017 266.158020 169.870224 290.349182
gray000034 0.005113 153.866562 270.380890 172.942093 285.608002
gray000034 0.003687 148.124481 223.009720 183.241882 273.219269
gray000034 0.003048 125.923180 247.933563 172.818359 289.639252
gray000034 0.001804 143.558441 254.514893 171.876953 281.869629
gray000034 0.001625 138.013397 277.331635 161.719208 292.849213
gray000034 0.001115 316.639801 403.904449 333.232147 409.960480
gray000034 0.001035 102.233429 249.630493 173.038330 308.913391
gray000035 0.921461 138.372528 226.721985 230.151184 313.849548
gray000035 0.004973 387.260620 300.952637 403.243042 315.129028
gray000035 0.003108 164.130646 263.772583 214.048370 304.522278
gray000035 0.002241 160.208740 239.776489 202.636444 299.128296
gray000036 0.857429 133.621674 243.948349 151.010681 256.942352
gray000036 0.017305 124.583061 238.367142 157.763885 263.062286
gray000036 0.003244 141.534546 266.048004 153.673065 273.701080
gray000036 0.001505 379.980347 192.322067 393.293457 202.783066
gray000036 0.001012 131.481598 242.999161 166.096405 278.090088
gray000037 0.758582 147.844055 328.724579 211.124329 388.944244
gray000037 0.002704 120.183708 315.258087 236.893585 404.936005
gray000037 0.001678 163.428314 340.855591 196.008240 374.598694
gray000038 0.753305 309.502960 297.937469 409.963165 381.344513
gray000038 0.351169 323.294678 314.055878 392.704468 367.519012
gray000038 0.001377 297.714508 248.860779 448.250702 385.296387
gray000039 0.050343 253.983932 207.191788 265.726715 220.781815
gray000039 0.012694 80.915741 199.544373 158.355621 263.509277
gray000039 0.011880 76.865799 197.657333 135.461166 239.876694
gray000039 0.011088 312.171173 272.993439 322.053070 282.787445
gray000039 0.010394 252.524338 210.386063 265.404327 228.512222
gray000039 0.006569 250.010544 207.775528 260.838806 221.238846
gray000039 0.006011 68.141335 192.915924 214.779144 357.053070
gray000039 0.005892 140.102402 219.360703 161.075485 235.761215
gray000039 0.005577 250.085403 203.664154 269.842529 224.603546
gray000039 0.005485 207.466995 240.263123 215.523514 248.245941
gray000039 0.004704 160.923462 313.555969 170.290771 322.044189
gray000039 0.003874 201.490662 279.653015 236.416840 321.620605
gray000039 0.003321 133.050583 353.346069 144.626114 364.983032
gray000039 0.003105 258.374695 205.779526 275.062805 219.631363
gray000039 0.002803 112.216240 242.336182 122.736320 251.435455
gray000039 0.002208 243.889542 209.375244 264.448212 233.657898
gray000039 0.002183 64.964371 207.002289 176.208725 289.364868
gray000039 0.002125 346.036774 270.205231 354.367584 278.469818
gray000039 0.001579 205.957703 190.042175 220.058533 204.637817
gray000039 0.001577 107.242523 203.832565 142.678467 239.375626
gray000039 0.001551 94.226730 228.426147 178.629196 332.225098
gray000039 0.001489 110.700722 193.664474 159.972412 243.370468
gray000039 0.001286 54.672142 158.553772 300.991791 390.853760
gray000039 0.001231 241.782745 176.999039 262.503082 199.518906
gray000039 0.001178 63.006790 155.562973 217.754227 273.231293
gray000039 0.001125 253.526306 197.867462 266.120117 216.081543
gray000039 0.001030 308.929504 267.581726 325.463867 287.443604
gray000039 0.001018 72.748306 216.372955 138.232285 278.986359
gray000040 0.728613 128.093475 222.832001 158.320251 253.176697
gray000040 0.005317 241.686600 167.078094 253.398483 175.904480
gray000040 0.004246 119.016815 214.215408 167.981049 262.065887
gray000041 0.183247 148.180740 244.993805 246.712448 313.066498
gray000041 0.014799 171.337097 251.491959 220.125427 303.785980
gray000041 0.005785 377.233582 295.271271 402.010498 321.985748
gray000041 0.002397 372.073761 275.399323 410.450104 322.290680
gray000041 0.001985 370.462799 308.625671 389.075287 326.482178
gray000041 0.001223 363.060791 288.770020 399.710632 329.288147
gray000042 0.011164 360.151367 168.047470 368.666260 174.313095
gray000042 0.007556 347.088684 162.626694 354.079651 167.914841
gray000042 0.005895 124.109650 264.361145 178.088409 302.637451
gray000042 0.004687 132.720734 268.485626 161.646179 284.219208
gray000042 0.002195 115.331543 143.563187 129.870285 158.305954
gray000042 0.002175 350.663940 164.539444 359.977844 170.112991
gray000042 0.001441 106.421631 249.339020 199.153503 317.270111
gray000042 0.001240 384.497223 168.907608 395.193146 176.751358
gray000042 0.001039 360.208618 164.902695 367.801758 171.401047
gray000042 0.001026 292.583832 107.473923 303.206940 115.079819
gray000043 0.446138 387.028534 298.763885 406.882782 316.738434
gray000043 0.035031 380.164154 283.559326 412.096466 318.326416
gray000043 0.023012 391.601624 293.023834 412.199829 311.040863
gray000043 0.008779 383.954041 301.201019 399.349792 312.929779
gray000043 0.005292 386.482727 306.005096 405.267029 322.929779
gray000043 0.004519 387.260345 292.947357 419.891754 325.454559
gray000043 0.002406 363.386505 285.851654 381.114777 301.056549
gray000043 0.002333 201.355881 319.372284 210.556168 328.605682
gray000043 0.002147 393.194946 286.430725 412.141418 303.096863
gray000043 0.001962 366.741089 272.923279 425.667114 327.833252
gray000043 0.001764 380.775146 291.642487 400.288696 314.320221
gray000043 0.001628 380.001526 327.222412 397.697998 341.277527
gray000043 0.001555 208.662231 352.881012 221.691071 360.993073
gray000043 0.001441 358.836975 280.904236 386.733032 305.766602
gray000043 0.001338 180.981110 325.726471 195.616272 340.744293
gray000043 0.001146 218.238647 263.537323 382.029541 351.172028
gray000043 0.001083 151.811798 345.022308 165.853058 354.731049
gray000044 0.498636 180.328140 270.349609 219.893631 314.014648
gray000044 0.030114 164.368240 272.606873 178.804611 284.705688
gray000044 0.013168 357.610565 341.866241 375.390594 357.425690
gray000044 0.010166 206.241852 269.760895 326.074677 344.801239
gray000044 0.006591 156.849457 277.077820 173.430450 289.765442
gray000044 0.005377 163.182602 273.291199 180.256149 294.454651
gray000044 0.003946 183.334518 275.364258 212.928329 299.552368
gray000044 0.003804 231.466827 277.595093 291.752533 343.489929
gray000044 0.003295 160.205368 273.389374 172.275772 284.567780
gray000044 0.003240 470.543060 375.663116 482.999725 383.061737
gray000044 0.002765 146.172775 257.532898 261.428772 338.488342
gray000044 0.001814 171.950928 270.948944 187.731812 283.375153
gray000044 0.001753 154.268005 297.430176 172.122467 319.827148
gray000044 0.001742 144.075150 291.958313 172.422318 326.264526
gray000044 0.001275 147.421127 285.148773 187.202499 338.822601
gray000044 0.001053 151.765930 284.577759 176.421906 318.871704
gray000045 0.208330 85.327034 257.571777 204.411316 349.817505
gray000045 0.058394 163.688599 250.254837 187.401886 270.760712
gray000045 0.025434 314.632202 132.341858 338.648315 152.848297
gray000045 0.009592 159.148209 245.328308 188.979080 284.758545
gray000045 0.005114 91.254829 277.285278 126.305077 327.575806
gray000045 0.003765 243.578384 208.822418 252.724350 219.225403
gray000045 0.003455 177.318100 311.383209 198.434860 337.600250
gray000045 0.002325 149.392639 250.243561 190.450256 309.699005
gray000045 0.002130 99.331512 249.933899 178.698090 318.544250
gray000045 0.001667 171.343719 282.312500 201.242279 345.541138
gray000045 0.001305 91.203781 274.126587 149.267807 345.213684
gray000045 0.001163 131.572586 234.754547 203.524979 329.125153
gray000045 0.001063 97.318130 292.694153 118.670502 324.584778
gray000046 0.126609 240.712830 194.932465 250.399384 205.481537
gray000046 0.015567 85.199265 244.637711 101.976593 258.705719
gray000046 0.012513 244.743668 194.527924 254.510696 204.715454
gray000046 0.011424 114.381615 323.319061 129.607086 337.851288
gray000046 0.010038 237.976135 196.445557 253.218658 209.161682
gray000046 0.007807 233.760742 199.404221 244.533234 206.701309
gray000046 0.007729 105.098839 317.746033 129.027893 336.966492
gray000046 0.004699 189.962555 287.950348 200.349487 297.652924
gray000046 0.004088 294.059937 239.452698 304.241150 248.742493
gray000046 0.002935 234.839752 195.547073 243.416534 204.578201
gray000046 0.002533 334.995056 214.043655 349.666077 229.983932
gray000046 0.002450 98.107132 317.417297 119.130356 333.666321
gray000046 0.002082 194.009842 124.212646 202.420609 129.262131
gray000046 0.001796 94.481163 231.359207 106.785378 243.654312
gray000046 0.001491 145.288422 145.891846 191.908081 190.532959
gray000046 0.001312 242.035461 191.851562 258.327545 206.839203
gray000046 0.001222 89.404007 236.163132 107.838135 253.919907
gray000046 0.001168 175.289474 123.619644 184.314529 129.601517
gray000046 0.001111 101.457527 307.270325 135.438873 345.187988
gray000046 0.001043 340.134918 289.186829 352.050140 300.641785
gray000046 0.001005 331.247589 208.892166 351.827423 235.456070
gray000047 0.518670 255.115265 308.591949 315.845001 372.008453
gray000047 0.002600 222.142136 294.850952 342.651825 382.275024
gray000047 0.001670 279.088989 324.609161 305.068604 355.388702
gray000047 0.001304 257.011963 274.845917 332.617249 360.842316
gray000047 0.001141 212.068481 309.631134 263.964325 340.033173
gray000048 0.208399 324.184967 284.314148 329.784393 291.463562
gray000048 0.042537 183.307053 291.004944 189.390457 296.458252
gray000048 0.021397 180.110138 290.748932 186.084137 296.531281
gray000048 0.012478 194.890701 283.661804 201.282394 289.780579
gray000048 0.011725 326.459839 283.792450 334.442200 291.559906
gray000048 0.010067 320.629974 280.961182 332.488068 294.088196
gray000048 0.005013 199.279541 353.749573 210.262146 359.902588
gray000048 0.004745 199.414139 283.061584 206.703659 290.593445
gray000048 0.004272 353.891846 299.146301 359.654724 304.163269
gray000048 0.003606 310.767426 305.680603 318.819855 310.958862
gray000048 0.003291 306.848053 306.834747 314.047699 311.845428
gray000048 0.003232 168.752960 291.230957 175.383636 297.995972
gray000048 0.003190 192.637634 287.616058 200.884033 294.051056
gray000048 0.002673 225.777451 330.730621 234.728653 337.445038
gray000048 0.002563 312.569031 283.445770 322.471802 291.075531
gray000048 0.002386 231.305695 290.857880 238.918335 297.601532
gray000048 0.002340 207.568954 313.643768 216.169601 321.014984
gray000048 0.002235 226.177811 289.612152 233.415787 296.008942
gray000048 0.001959 199.119354 287.005737 207.862274 293.145081
gray000048 0.001782 352.704803 280.920410 359.288239 287.729126
gray000048 0.001618 185.277893 283.869965 191.107452 291.539215
gray000048 0.001603 230.772446 331.685638 239.594589 338.145233
gray000048 0.001472 399.363708 373.018494 407.001221 377.110657
gray000048 0.001281 320.180115 295.096680 329.417847 305.883789
gray000048 0.001247 310.457947 287.056244 323.381775 296.332367
gray000048 0.001189 206.122986 287.648285 214.851471 293.834564
gray000048 0.001107 341.073181 318.985352 356.728821 330.612610
gray000048 0.001059 367.849365 289.538757 374.950134 296.878784
gray000048 0.001053 351.297302 320.744202 362.876404 329.738037
gray000048 0.001027 346.141235 312.438446 372.800293 344.944672
gray000048 0.001023 344.701385 280.980042 352.292633 288.452576
gray000049 0.559714 162.312637 268.914978 209.376266 318.543030
gray000049 0.023566 133.665756 267.742523 230.985214 325.465546
gray000049 0.004713 167.398727 277.492371 197.019608 307.351196
gray000049 0.004210 324.707550 287.020142 337.818512 296.348328
gray000049 0.003699 364.910858 279.971954 377.406769 290.415497
gray000049 0.003058 223.325470 509.863525 248.070648 512.000000
gray000049 0.002991 267.912659 509.653717 288.580444 512.000000
gray000049 0.002613 206.767715 509.296173 234.599014 512.000000
gray000049 0.001122 198.268646 508.352997 228.178284 512.000000
gray000049 0.001051 172.568848 250.280869 186.621338 257.475281
gray000050 0.842680 61.427673 245.955231 125.043884 295.098785
gray000050 0.022257 430.804291 338.383514 440.022614 343.978546
gray000050 0.011468 322.715820 295.855988 344.094238 311.523956
gray000050 0.010951 414.698669 191.427475 423.360046 198.238052
gray000050 0.010731 448.655182 274.389374 457.123993 283.624237
gray000050 0.007177 425.695923 339.521637 435.676819 345.126801
gray000050 0.005817 141.365036 258.145111 171.369705 280.320343
gray000050 0.005637 415.964752 187.683167 423.171234 195.656616
gray000050 0.004462 409.313019 191.837677 418.628998 199.232819
gray000050 0.004138 75.390175 252.065598 110.582405 285.950256
gray000050 0.002516 431.386993 332.154602 440.999420 338.670349
gray000050 0.002505 317.479279 321.752075 327.563324 329.634155
gray000050 0.002322 448.148315 277.454956 457.299011 287.897583
gray000050 0.002319 49.009266 234.165771 56.731495 240.041351
gray000050 0.002089 331.451935 254.330170 344.220001 263.850616
gray000050 0.001096 409.156403 185.714905 418.929047 196.217468
gray000050 0.001041 427.902374 335.912354 445.048065 346.656006
gray000051 0.381842 322.502930 279.612244 376.865662 345.434326
gray000051 0.011942 340.985016 289.103149 370.843658 342.070984
gray000051 0.007073 344.650879 293.634216 367.252869 324.527710
gray000051 0.001707 341.337372 276.511566 385.180878 327.072784
gray000051 0.001399 178.649506 252.780121 217.570099 286.750946
gray000051 0.001390 351.462891 295.586761 376.112610 337.353790
gray000051 0.001070 132.665192 167.639893 161.436554 195.006470
gray000051 0.001045 158.929092 320.507690 169.241959 332.014404
gray000051 0.001023 190.526550 258.937714 217.445374 277.457611
gray000052 0.757397 119.941597 193.862274 162.422485 236.321350
gray000052 0.067004 125.457642 200.995270 155.189758 226.922882
gray000052 0.017242 100.436546 184.569290 184.696472 246.729996
gray000052 0.001302 120.423225 195.365082 145.223175 219.748260
gray000052 0.001206 191.523087 68.787903 216.382431 87.045807
gray000053 0.279804 195.197281 125.251602 292.410370 236.284439
gray000053 0.006680 210.614304 122.103775 286.455078 188.836227
gray000053 0.005839 174.029846 82.888657 357.692200 222.104935
gray000053 0.004510 299.832397 227.736969 335.969849 260.919952
gray000053 0.003143 155.059891 144.240509 215.791794 226.128387
gray000053 0.002454 196.284805 131.297073 213.636337 146.528519
gray000053 0.002144 158.343857 153.664474 266.309143 256.748901
gray000053 0.001663 217.987778 139.912399 271.700378 221.953659
gray000054 0.159520 126.765060 256.515259 176.078568 295.373352
gray000054 0.124846 144.683975 265.346832 169.013382 289.658295
gray000054 0.033955 113.773956 240.542511 189.028564 297.603424
gray000054 0.006740 133.904434 258.206146 163.639664 282.586212
gray000054 0.003653 146.512695 253.058960 179.766571 288.189941
gray000054 0.002892 137.572968 241.126144 175.449982 266.528412
gray000054 0.002076 100.442535 252.005234 150.127975 301.212280
gray000054 0.002068 339.768463 188.407791 410.146088 249.114822
gray000054 0.002027 149.948853 245.220108 177.774750 260.914886
gray000054 0.001682 128.698700 241.521515 169.238037 284.134979
gray000054 0.001284 357.295746 337.782990 371.621918 346.899628
gray000054 0.001276 105.679817 234.757568 234.614502 309.473816
gray000054 0.001249 128.124908 262.423645 155.878754 288.060852
gray000054 0.001201 162.056808 257.603912 208.645859 300.667450
gray000055 0.723613 151.082306 230.830444 157.594635 236.063721
gray000055 0.173679 202.906555 208.272202 213.208862 216.802444
gray000055 0.123965 330.177063 298.862488 340.171265 304.409302
gray000055 0.085358 332.370911 297.320435 343.417725 303.006531
gray000055 0.038296 150.242081 228.921646 160.627975 241.116989
gray000055 0.016924 125.463005 274.687134 133.526550 280.443787
gray000055 0.013793 282.939026 216.906677 289.779236 222.775909
gray000055 0.009840 319.441162 218.707870 327.563171 224.208755
gray000055 0.009278 202.427612 205.351440 217.615448 219.678711
gray000055 0.008378 320.010742 299.297424 331.045715 305.326111
gray000055 0.007857 148.003555 228.978851 156.877304 237.086060
gray000055 0.007601 312.035004 217.484497 319.825226 223.808807
gray000055 0.006936 285.700897 217.653320 292.886749 223.068359
gray000055 0.006897 327.641144 296.465698 342.555145 306.966797
gray000055 0.005473 305.681335 218.487045 312.244751 224.815506
gray000055 0.004515 200.006180 215.366150 210.493790 225.371460
gray000055 0.003107 328.218781 218.985687 335.990570 224.162292
gray000055 0.002420 152.717041 331.765503 161.494080 338.437134
gray000055 0.002207 220.955872 369.717072 268.030701 439.226044
gray000055 0.001879 439.615692 305.986481 448.857880 311.992706
gray000055 0.001849 149.910751 298.535553 159.235764 306.275970
gray000055 0.001750 335.745758 218.307327 343.250458 223.634659
gray000055 0.001700 286.366943 224.340012 293.786316 230.959213
gray000055 0.001543 281.034058 211.214081 287.741455 218.744202
gray000055 0.001445 320.676758 224.175949 328.031738 229.694046
gray000055 0.001381 205.893036 346.635284 319.465668 442.518097
gray000055 0.001360 158.417694 228.674438 167.004089 235.246765
gray000055 0.001301 351.824402 275.387604 358.526245 284.184296
gray000055 0.001272 146.151489 299.151184 153.261932 305.466431
gray000055 0.001205 138.116089 249.281860 144.506104 254.890747
gray000055 0.001178 302.836548 296.702393 314.907654 305.429871
gray000055 0.001159 349.374146 278.223602 358.400574 286.072784
gray000055 0.001110 345.789062 279.632324 355.622742 288.317139
gray000055 0.001102 247.592255 234.450974 254.317902 240.947067
gray000056 0.834993 66.212029 243.710464 121.184761 291.952576
gray000056 0.035189 311.994965 287.921295 343.706207 314.555206
gray000056 0.028951 80.074471 230.851791 92.464882 246.285812
gray000056 0.025047 433.306854 232.080139 441.276642 238.326569
gray000056 0.021363 432.770081 226.268417 440.394836 234.476883
gray000056 0.021192 39.847504 249.770752 46.178802 256.563599
gray000056 0.020594 423.297760 200.443069 430.236847 206.700272
gray000056 0.011414 438.437866 231.416855 446.024353 239.256088
gray000056 0.008537 431.965302 218.704346 438.370392 225.522186
gray000056 0.007629 75.823135 251.618225 110.347061 282.302307
gray000056 0.007409 424.282043 217.908813 432.872131 225.307007
gray000056 0.006367 80.798897 216.080414 106.337730 244.452576
gray000056 0.005567 421.913361 194.132111 430.304779 202.971497
gray000056 0.003382 76.040329 226.894867 97.092285 249.289886
gray000056 0.003135 438.153137 226.791672 445.936462 235.728439
gray000056 0.003112 417.258301 191.635345 426.278870 202.284271
gray000056 0.002395 348.503510 343.257507 355.213043 350.307556
gray000056 0.002388 417.494385 199.596375 426.136597 207.506592
gray000056 0.001865 414.996948 218.391556 424.787048 226.410538
gray000056 0.001828 35.165352 249.141479 42.690407 258.258057
gray000056 0.001754 414.642059 361.957825 426.344940 371.166260
gray000056 0.001634 424.293671 208.047073 432.087860 218.033768
gray000056 0.001629 422.980408 223.638916 434.400879 231.638947
gray000056 0.001346 429.296570 228.727478 445.751587 244.809998
gray000056 0.001328 38.803097 254.079880 46.484455 262.075989
gray000056 0.001205 429.267548 222.614532 445.104340 236.996185
gray000056 0.001170 416.935913 187.594772 424.672668 195.487411
gray000056 0.001025 408.616943 218.079575 417.418091 225.897263
gray000056 0.001001 40.991016 243.524551 48.202740 251.605270
gray000057 0.224304 228.733246 213.046600 333.410126 275.976349
gray000057 0.006036 247.433853 220.144348 350.276428 307.127319
gray000057 0.005983 247.963089 213.667145 308.541992 261.532959
gray000057 0.005614 298.331818 267.917175 336.722015 302.807007
gray000057 0.003780 193.561783 301.469116 209.865372 311.593384
gray000057 0.003270 286.582550 252.283401 342.778290 308.645935
gray000057 0.002162 304.613800 274.770508 330.122284 295.968933
gray000057 0.001735 305.306244 252.684937 342.880157 284.785522
gray000057 0.001229 200.934357 301.118927 337.157196 383.910065
gray000057 0.001204 310.355255 282.714874 335.806122 300.135956
gray000057 0.001115 310.957642 259.476288 337.517151 277.062653
gray000057 0.001067 78.692574 223.243164 212.564148 320.838928
gray000058 0.864374 159.681519 227.475571 209.152466 277.453644
gray000058 0.017006 167.912872 234.980331 195.455109 270.076080
gray000058 0.005039 141.578857 221.143372 221.376160 299.907043
gray000058 0.001148 214.579315 1.000000 248.725830 48.387634
gray000059 0.629290 128.660400 267.891083 222.519501 342.716949
gray000059 0.125782 144.835251 282.860413 199.164871 333.156006
gray000060 0.326758 99.714928 233.501312 154.155090 275.853149
gray000060 0.081465 83.666962 219.118073 163.017731 286.216858
gray000060 0.022011 201.605743 198.447617 211.554230 207.443314
gray000060 0.010220 141.666199 200.456207 161.751953 222.914886
gray000060 0.005819 110.072487 241.043045 142.479004 267.731140
gray000060 0.002862 166.076904 231.305389 195.044647 259.021393
gray000060 0.002524 178.707901 233.708038 196.866043 254.211365
gray000060 0.002257 313.306793 278.082245 338.738373 308.301544
gray000060 0.002138 75.653412 194.642715 198.718567 300.334167
gray000060 0.001968 198.914536 197.044373 214.004959 212.153748
gray000060 0.001915 164.430481 196.688019 180.054443 214.695801
gray000060 0.001353 163.029160 236.438400 182.412613 251.757858
gray000060 0.001200 203.876404 193.941299 216.324158 205.371384
gray000061 0.650243 223.389114 306.216034 301.321899 383.705963
gray000061 0.037880 236.307938 316.993408 285.373596 367.044434
gray000061 0.008833 168.241013 264.794403 178.543167 275.057098
gray000061 0.004630 185.857773 266.082153 220.207748 327.810242
gray000061 0.001819 253.804184 311.668610 298.689026 371.275116
gray000061 0.001345 214.378754 269.947968 311.173126 362.441376
gray000061 0.001287 158.132187 256.514465 257.792053 355.130676
gray000061 0.001002 220.000931 301.510834 287.701050 349.888031
gray000062 0.816404 109.957283 292.820435 137.805313 322.173584
gray000062 0.020759 155.373688 203.499939 161.419769 209.287018
gray000062 0.012007 102.720703 283.680298 145.844009 335.141357
gray000062 0.005563 369.150055 274.627655 383.201691 291.755341
gray000062 0.005018 158.144485 202.784210 166.251755 208.387115
gray000062 0.002927 370.705963 269.547546 386.311310 287.097839
gray000062 0.001826 145.434280 209.203339 152.974777 215.399841
gray000062 0.001689 191.184769 281.843689 204.566025 293.556458
gray000062 0.001644 151.327927 206.707031 160.080307 213.800232
gray000062 0.001629 209.414246 273.441376 219.110748 283.871246
gray000062 0.001247 71.202316 275.227325 168.525604 344.513031
gray000062 0.001083 260.641266 221.210236 365.208710 344.136383
gray000063 0.419840 318.460449 270.256561 347.739563 302.385712
gray000063 0.059007 324.466034 257.928040 354.729523 299.047363
gray000063 0.046400 144.267029 265.881378 157.675354 286.533600
gray000063 0.023358 337.622162 220.858826 349.963593 234.613586
gray000063 0.014412 330.420990 259.700531 350.242645 278.300751
gray000063 0.010918 197.634979 81.375519 205.687012 87.425934
gray000063 0.007260 313.679871 255.150757 364.301453 311.613464
gray000063 0.004722 233.280029 178.415955 241.429688 187.523468
gray000063 0.003104 225.463715 102.808723 246.233948 125.227028
gray000063 0.002848 327.434479 245.960617 352.609833 280.006104
gray000063 0.002037 287.124268 193.940796 296.477478 202.958496
gray000063 0.001235 335.820099 262.492615 357.792389 292.175049
gray000063 0.001202 315.126068 264.701416 336.751740 293.545532
gray000063 0.001178 339.338776 272.232544 356.094635 298.184082
gray000063 0.001057 246.419418 208.695602 257.721802 217.645889
gray000064 0.655006 332.794220 166.985138 447.099518 257.565308
gray000064 0.013033 361.702576 183.719696 431.297791 241.834137
gray000064 0.002215 99.521461 234.458954 118.582024 252.855103
gray000065 0.732903 143.386383 287.675964 166.156128 303.822571
gray000065 0.004363 1.000000 205.327103 13.883270 252.816025
gray000065 0.002315 141.260971 282.292542 170.196609 314.089905
gray000065 0.001426 192.131195 232.122955 200.969086 237.025085
gray000065 0.001425 15.088854 175.250854 25.131506 182.030121
gray000065 0.001344 505.308319 199.085266 512.000000 227.329895
gray000066 0.203559 222.822632 280.072540 276.613525 345.267670
gray000066 0.029457 204.569519 284.659821 225.755096 301.914764
gray000066 0.028492 233.588425 294.675629 270.239410 336.875458
gray000066 0.020787 223.447357 133.640289 306.482758 221.983215
gray000066 0.017809 208.784897 259.805054 261.402985 336.084778
gray000066 0.013338 220.336365 268.780365 253.365814 302.402435
gray000066 0.009185 272.936615 139.570953 291.873322 161.627197
gray000066 0.005905 238.501709 296.652832 264.435699 321.870056
gray000066 0.004515 205.634811 272.774902 235.436417 301.983765
gray000066 0.002555 199.373871 268.312225 242.105499 324.015045
gray000066 0.002092 211.034256 295.406433 260.206146 353.452454
gray000066 0.002024 231.478973 269.957703 271.933258 318.410278
gray000066 0.001957 227.768967 148.703217 278.058044 196.804596
gray000066 0.001811 248.596939 296.803131 287.665771 336.740753
gray000066 0.001769 247.041061 302.293488 273.897156 329.077484
gray000066 0.001488 229.451889 273.884430 255.560074 295.422821
gray000066 0.001383 233.675339 285.687927 256.909180 316.928223
gray000066 0.001119 264.649841 134.902390 296.136963 175.923843
gray000066 0.001118 258.429718 282.991760 279.126373 298.890564
gray000066 0.001095 195.545258 150.914093 296.164520 255.676147
gray000067 0.722705 207.418015 349.811493 230.096176 367.714386
gray000067 0.037740 136.885956 322.092102 144.564423 327.804199
gray000067 0.021144 320.308258 379.353699 327.114838 385.100647
gray000067 0.002085 335.424591 384.941650 343.844574 391.510803
gray000067 0.001838 327.158112 352.615112 335.320892 359.179504
gray000067 0.001585 353.559509 371.589386 362.994873 377.802338
gray000067 0.001581 385.050049 289.888702 391.405640 294.546722
gray000068 0.321826 56.901421 151.004654 231.587311 278.332794
gray000068 0.011299 98.442139 170.307312 205.928894 263.309601
gray000068 0.006626 36.586403 124.175201 252.872955 353.702911
gray000068 0.004719 47.032715 178.739319 160.439545 250.816223
gray000068 0.001411 60.939823 197.472656 124.875443 242.826324
gray000069 0.032263 122.895844 230.064133 157.434906 267.513000
gray000069 0.001902 178.908768 171.462097 197.210068 188.541901
gray000069 0.001463 109.371597 218.205032 169.741562 280.660675
gray000069 0.001287 389.313080 105.548790 400.370575 117.521217
gray000070 0.814083 353.126587 326.213257 391.770447 355.986328
gray000070 0.062667 170.306671 333.442657 185.171539 343.073029
gray000070 0.009473 165.547760 331.563843 185.467743 348.633118
gray000070 0.009473 167.458069 326.681396 181.834290 343.226318
gray000070 0.004292 164.410294 325.053131 203.115829 360.388947
gray000070 0.002538 198.998306 104.910385 259.205170 162.282639
gray000070 0.002281 342.687836 310.262848 405.329865 361.264984
gray000070 0.002120 103.233299 334.426941 115.824379 345.940308
gray000070 0.001707 167.823593 320.332245 179.065170 332.265350
gray000070 0.001226 142.719177 308.707794 198.078674 352.021149
gray000070 0.001024 190.370239 299.920929 349.639648 379.808563
gray000071 0.019791 138.669586 336.891388 173.894501 364.154388
gray000071 0.018982 391.559357 289.275116 405.775787 297.644867
gray000071 0.015512 291.033722 283.373932 300.549286 292.785980
gray000071 0.013290 110.487076 300.256317 122.826874 315.973114
gray000071 0.011814 392.721069 305.421722 401.681458 311.941132
gray000071 0.005143 224.091904 295.804962 238.383530 303.273956
gray000071 0.004688 135.926834 329.163239 193.878342 367.784210
gray000071 0.003455 139.738449 341.531036 161.628098 358.212372
gray000071 0.003290 388.958160 294.190552 405.183197 307.211243
gray000071 0.003162 171.434097 357.859375 189.564133 373.376160
gray000071 0.002888 207.369156 258.406036 214.903275 266.814117
gray000071 0.002567 136.303406 305.393921 144.805359 311.239746
gray000071 0.002428 105.580910 298.598358 236.200134 384.154877
gray000071 0.002308 318.299469 241.936371 329.937347 250.806885
gray000071 0.002236 176.470062 363.807220 198.376740 378.783295
gray000071 0.001842 173.316483 356.574249 204.573837 375.769745
gray000071 0.001585 287.300720 276.830536 302.681091 297.122101
gray000071 0.001371 398.736603 345.141998 408.150360 351.307404
gray000071 0.001232 195.879593 202.743439 212.414810 210.351624
gray000071 0.001072 364.555511 335.241211 378.470001 347.359253
gray000071 0.001052 397.645844 305.172668 406.221100 310.727051
gray000071 0.001016 393.454773 287.425629 411.707703 299.893890
gray000071 0.001004 227.777634 331.823303 233.141708 337.834961
gray000071 0.001003 385.257843 295.542572 397.232025 305.035675
gray000072 0.464640 142.785782 280.339569 189.008591 322.438202
gray000072 0.006485 117.653801 270.214966 219.519379 336.412354
gray000072 0.004086 144.310822 190.875366 153.861267 198.380219
gray000072 0.003747 145.291733 286.601532 173.710953 316.322906
gray000072 0.001469 137.879135 168.146973 146.336716 173.857574
gray000072 0.001396 340.216156 295.809814 353.230621 307.708740
gray000072 0.001213 156.493210 287.498657 185.108261 315.780212
gray000073 0.650864 192.850693 129.666702 333.830322 244.966476
gray000073 0.109991 225.237518 264.990997 333.022919 343.964142
gray000073 0.104867 258.646729 272.008972 314.669739 332.580994
gray000073 0.060436 206.205154 241.986679 266.000916 317.739929
gray000073 0.033634 286.508759 179.415726 374.076019 294.147827
gray000073 0.029415 176.193954 233.648590 305.806091 328.398163
gray000073 0.028677 300.390411 180.260101 357.535065 254.850708
gray000073 0.019628 211.874786 251.261292 260.329498 288.902771
gray000073 0.008877 246.098328 211.257233 360.263611 347.171112
gray000073 0.004272 166.814362 48.909195 377.666046 309.429565
gray000073 0.001984 212.328323 266.411896 282.359558 355.125275
gray000073 0.001882 175.877762 164.739227 315.758850 311.331268
gray000073 0.001860 199.683838 171.362289 302.580475 251.887314
gray000073 0.001638 109.192169 118.091507 440.362885 362.597961
gray000073 0.001573 213.005417 162.491287 309.486816 217.508743
gray000073 0.001025 221.585968 139.404022 385.002106 275.874237
gray000074 0.001318 254.629150 180.638062 265.796509 192.224030
gray000075 0.730395 296.781830 286.511963 367.308746 366.208435
gray000075 0.020274 183.162003 503.883301 225.343887 512.000000
gray000075 0.019387 384.808502 311.588440 393.354401 318.396179
gray000075 0.017706 199.971146 295.598267 208.847153 301.799805
gray000075 0.014281 281.216187 503.595428 334.101440 512.000000
gray000075 0.010085 165.909821 492.603027 235.141724 512.000000
gray000075 0.008156 235.463943 282.555725 258.496460 299.685425
gray000075 0.005355 329.956024 293.024780 364.367401 355.807129
gray000075 0.003822 114.417633 265.621735 121.148239 271.120636
gray000075 0.002817 189.297134 492.989807 218.084213 512.000000
gray000075 0.001491 129.523148 242.221924 137.650345 247.887756
gray000075 0.001344 220.527603 299.239899 236.561203 314.376495
gray000075 0.001021 118.005669 264.774445 125.409721 270.299164
gray000075 0.001002 197.846344 293.134277 212.746979 307.380676
gray000076 0.781055 165.769775 121.578583 315.842743 235.816986
gray000076 0.006913 141.537109 70.928665 337.478455 284.132629
gray000076 0.001073 201.308670 152.688660 294.470520 241.369049
gray000077 0.006207 217.447189 171.888428 230.169022 186.937988
gray000077 0.005392 288.181030 221.514084 300.080017 231.229782
gray000077 0.004591 370.739777 273.861908 387.367096 283.120392
gray000077 0.004585 339.775574 334.758026 359.612793 350.083893
gray000077 0.002243 354.380157 270.969971 370.079559 280.270874
gray000077 0.001771 328.520264 353.354279 337.953979 359.713837
gray000077 0.001304 379.443817 272.275391 396.921234 282.608215
gray000078 0.612820 323.593781 231.175354 399.881378 310.041626
gray000078 0.028914 339.622101 235.063599 377.264008 306.349060
gray000079 0.051287 179.606964 74.788544 368.100677 283.323669
gray000079 0.017965 129.204773 116.881119 285.436890 242.408615
gray000079 0.007625 114.094345 148.722015 243.298782 269.913513
gray000079 0.002655 151.532700 183.730927 262.641022 294.831421
gray000079 0.001738 311.300598 287.106079 339.013306 316.659790
gray000079 0.001222 194.391449 168.777130 349.162262 306.647675
gray000080 0.458866 328.811554 255.628723 401.742706 332.209961
gray000080 0.028495 349.781708 253.325012 382.018646 332.813538
gray000081 0.651422 137.855591 263.187347 196.306396 324.890228
gray000081 0.091757 346.770844 247.213776 415.976410 316.918610
gray000081 0.008298 108.532524 254.969849 207.304840 341.499939
gray000081 0.002908 152.447937 278.477600 190.573303 319.217773
gray000081 0.002679 79.563332 165.904984 95.769814 181.371872
gray000081 0.001945 329.288055 216.571594 456.889862 334.954102
gray000081 0.001017 265.956604 206.278717 276.922363 215.868256
gray000082 0.148205 270.196869 280.357178 301.375885 311.922424
gray000082 0.062848 288.102356 315.598846 314.747253 335.872101
gray000082 0.010794 255.446594 191.931747 264.642639 196.032822
gray000082 0.007853 305.860596 281.745178 331.331299 304.030762
gray000082 0.005648 281.848633 310.778931 319.120361 344.901611
gray000082 0.004573 129.064743 256.002686 285.321899 354.457214
gray000082 0.004208 97.045700 235.007706 139.088989 273.924347
gray000082 0.002879 257.318451 270.389343 313.382904 325.371338
gray000082 0.002730 297.707062 322.358826 317.496796 338.150269
gray000082 0.002271 465.015625 381.745239 473.002625 386.730896
gray000082 0.001911 295.377960 277.679535 334.173737 311.205597
gray000082 0.001126 401.736084 263.724274 411.803528 271.584808
gray000083 0.854655 124.584991 329.342804 174.056885 382.009064
gray000083 0.008706 133.503372 337.154633 164.744736 373.949188
gray000084 0.532596 127.833054 223.098938 158.937881 253.023071
gray000084 0.010379 242.056595 168.105682 253.393387 175.844696
gray000084 0.008996 332.811554 230.845047 343.741119 243.251999
gray000084 0.004726 120.635902 210.268005 173.743088 264.365906
gray000084 0.004011 333.155487 236.377991 345.247772 250.331787
gray000084 0.001195 329.642700 226.490417 347.836975 248.214935
gray000085 0.629290 128.660400 267.891083 222.519501 342.716949
gray000085 0.125782 144.835251 282.860413 199.164871 333.156006
gray000086 0.923802 145.876007 239.452927 194.945465 287.778412
gray000086 0.017572 155.066193 247.305939 186.820526 277.065704
gray000086 0.003607 126.383125 220.706665 214.687744 287.401154
gray000087 0.380027 146.366867 104.634003 335.995605 262.079498
gray000087 0.221106 240.490005 118.387535 373.581848 244.907745
gray000087 0.116017 287.029907 136.430161 364.081177 228.501236
gray000087 0.046573 178.238007 133.553909 287.001495 235.753952
gray000087 0.008874 153.407013 145.049179 252.896271 254.872482
gray000087 0.002680 302.086365 154.340698 348.531860 208.356720
gray000087 0.002454 188.168671 60.215805 413.405731 291.614441
gray000087 0.001895 359.155670 194.605392 373.012054 211.581528
gray000087 0.001871 301.265991 310.107697 310.929626 321.831146
gray000087 0.001845 322.053101 139.763351 363.915039 204.059616
gray000087 0.001750 198.015717 114.453201 298.198700 198.685654
gray000087 0.001700 180.526321 184.416611 249.343246 277.060272
gray000087 0.001435 211.855133 149.700180 262.631653 212.861618
gray000087 0.001272 188.938736 201.569046 237.556290 256.520752
gray000088 0.375143 312.650787 195.115158 408.601227 277.908661
gray000088 0.005527 320.607697 215.173157 379.984161 274.300323
gray000089 0.881590 97.999420 251.690674 178.009705 315.925781
gray000089 0.014213 114.219429 270.483704 164.220978 313.147766
gray000089 0.007878 86.710747 233.305878 165.657806 350.936554
gray000089 0.003049 333.791656 284.359650 342.730743 292.204498
gray000089 0.002558 104.635651 241.021179 178.086517 284.898315
gray000089 0.002010 131.571808 257.180267 181.432892 298.523651
gray000089 0.001368 359.496490 206.689209 371.933441 215.527313
gray000089 0.001287 241.293716 275.086426 262.854340 295.824158
gray000089 0.001012 87.817719 265.907227 149.244293 318.756409
gray000090 0.045358 224.991440 218.066620 323.003021 323.616669
gray000090 0.019438 185.868546 187.586273 303.921295 297.133789
gray000090 0.005883 231.168854 180.650269 371.976715 312.652496
gray000090 0.005765 188.267517 154.264832 349.515686 272.590332
gray000090 0.005310 230.252625 207.435974 296.981201 291.779541
gray000090 0.003211 190.597931 250.561691 296.789062 353.655701
gray000090 0.003139 264.106445 229.940887 357.737427 329.447479
gray000090 0.002388 148.881699 224.295654 272.303345 322.339905
gray000090 0.002352 211.164032 175.495422 286.268494 260.955170
gray000090 0.001770 277.050049 243.599487 310.637085 278.528625
gray000090 0.001648 284.799377 253.828445 303.362122 268.378265
gray000090 0.001407 249.597794 254.874557 313.073700 337.735474
gray000090 0.001357 229.278793 229.153229 276.802246 277.378510
gray000090 0.001074 260.219818 208.269241 331.595184 293.271912
gray000091 0.083793 209.042328 256.185608 231.315369 285.382629
gray000091 0.033601 200.312744 248.820374 239.254303 291.546021
gray000091 0.020658 170.605118 208.922455 177.715500 214.475403
gray000091 0.012152 202.399719 260.884583 225.882477 290.085327
gray000091 0.008180 150.792023 142.103714 313.992798 292.659119
gray000091 0.002446 197.729462 235.434128 260.835388 298.506378
gray000091 0.001301 232.733826 309.934265 251.338226 322.231262
gray000091 0.001262 172.820679 208.876495 182.418152 216.156555
gray000091 0.001204 169.173019 175.160446 264.047913 290.179413
gray000091 0.001126 157.976105 230.451233 270.064178 311.809265
gray000091 0.001051 165.605316 205.121490 182.656555 221.431641
gray000092 0.135706 129.367889 298.426208 147.350647 316.299805
gray000092 0.052798 121.735535 295.244110 145.144775 321.660980
gray000092 0.011713 148.900436 305.445129 160.549576 312.509766
gray000092 0.006009 405.723785 233.309067 417.340240 246.928146
gray000092 0.004793 337.975372 324.808807 360.758026 343.945099
gray000092 0.003881 109.321587 309.941864 125.257133 326.048859
gray000092 0.003826 328.411133 312.677704 366.344421 346.254242
gray000092 0.003176 162.747925 276.928009 181.779938 292.648956
gray000092 0.002776 117.943176 281.290375 152.305603 323.876740
gray000092 0.002638 113.478592 306.542267 135.040161 328.109283
gray000092 0.002582 109.183029 292.666321 141.133713 327.297119
gray000092 0.002563 124.410278 350.685181 137.402649 357.167358
gray000092 0.002534 142.930557 304.325500 156.407700 312.996887
gray000092 0.002526 166.186264 305.652344 177.707748 314.988770
gray000092 0.002525 263.872711 229.988052 275.667572 241.202286
gray000092 0.002272 345.433044 331.698151 363.687988 345.567719
gray000092 0.002271 157.451584 305.071625 171.629868 312.429657
gray000092 0.001514 123.711197 289.085144 142.168411 301.969421
gray000092 0.001449 173.579956 319.974426 184.781616 331.738525
gray000092 0.001219 100.798897 309.698029 113.923897 325.257782
gray000092 0.001095 110.098190 316.758301 124.831635 329.510864
gray000093 0.026744 148.241913 77.870789 395.891327 338.752106
gray000093 0.005930 313.936768 233.209351 334.095642 256.078278
gray000093 0.005527 231.884155 168.856918 374.564087 306.182495
gray000093 0.003677 303.792389 229.816132 332.014984 260.776398
gray000093 0.003635 333.007782 199.854324 350.226715 213.795761
gray000093 0.002786 293.726013 222.052856 335.264832 269.671906
gray000093 0.002266 121.114517 176.535645 298.850830 304.778687
gray000093 0.002122 310.293640 218.851059 338.688660 257.691925
gray000093 0.001708 265.637695 250.920822 275.021240 258.630341
gray000093 0.001633 329.040558 201.078247 352.796478 223.802216
gray000093 0.001499 282.665497 197.582001 344.541107 273.594025
gray000093 0.001188 37.743027 100.285362 319.398315 323.278717
gray000094 0.036158 323.315643 258.657837 368.551483 310.012329
gray000094 0.003906 228.071274 189.811905 239.859421 200.190781
gray000094 0.002025 335.763824 267.675232 363.021210 301.033997
gray000094 0.001718 291.716583 244.721161 395.164398 318.063568
gray000094 0.001271 299.143768 111.047035 318.502411 120.909340
gray000095 0.697534 141.659256 249.084030 178.082077 290.446899
gray000095 0.144303 206.362656 270.282104 217.740463 280.054871
gray000095 0.009586 204.341385 268.278198 220.923019 283.681274
gray000095 0.006000 358.864166 262.160400 374.260590 274.336731
gray000095 0.002870 111.153145 243.352356 223.039856 299.836365
gray000095 0.002288 180.428879 249.078415 200.766434 268.923981
gray000095 0.001674 318.336823 291.193573 332.416107 307.175507
gray000095 0.001339 353.729614 305.233124 377.345398 325.061066
gray000096 0.519518 369.364960 255.441757 412.418915 288.146942
gray000096 0.040204 157.561905 298.349548 190.731918 324.034180
gray000096 0.002905 242.743317 217.682693 253.339691 226.536270
gray000096 0.001717 387.260651 180.140182 394.757050 185.510452
gray000096 0.001562 222.305450 510.304565 236.478058 512.000000
gray000096 0.001202 256.862366 218.531158 267.422913 225.008331
gray000096 0.001026 387.832886 260.558685 416.098389 288.478424
gray000097 0.885596 389.173248 313.165802 423.746002 351.123444
gray000097 0.002830 95.181480 224.643509 102.161751 230.837997
gray000097 0.001063 364.884003 304.260620 448.252655 362.604553
gray000098 0.260191 183.006454 231.828629 280.810516 321.463531
gray000098 0.066700 202.276840 246.774780 254.019730 308.059998
gray000098 0.008566 169.898834 190.137100 305.994812 311.751221
gray000098 0.005297 214.917694 214.595901 282.745544 287.969055
gray000098 0.004149 274.158295 283.950378 320.476227 339.274963
gray000098 0.001937 244.311722 276.236328 318.819183 350.005676
gray000098 0.001791 180.990753 259.160370 229.492218 312.017242
gray000098 0.001635 92.720078 220.516281 271.725342 332.924011
gray000098 0.001570 156.476883 243.515701 251.096451 343.230774
gray000098 0.001062 238.961243 196.271332 367.156372 290.647522
gray000098 0.001035 234.732330 243.847397 271.394989 277.014648
gray000099 0.075331 72.186989 243.770645 114.146294 291.764557
gray000099 0.004517 77.213272 257.483856 109.518799 280.568085
gray000099 0.002645 394.787689 268.205109 412.425385 286.819366
gray000099 0.001790 390.977142 262.674713 418.002716 293.118500
gray000099 0.001572 100.101501 259.319641 117.322556 280.507263
gray000099 0.001560 352.542816 251.053925 391.129120 287.358185
gray000099 0.001268 36.710350 237.034882 140.391388 307.098358
gray000099 0.001238 93.209709 253.316315 121.957176 285.880524
