gray000000 0.264723 209.433365 271.079895 281.320892 320.259766
gray000000 0.014960 199.508911 227.520111 285.743469 336.284210
gray000000 0.008667 200.764801 287.733429 288.833923 360.283966
gray000001 0.659281 377.644836 260.936829 416.154663 287.117065
gray000001 0.002042 372.219208 251.548523 431.168671 290.561707
gray000002 0.949639 132.338135 331.761627 195.258514 383.220612
gray000003 0.709475 270.960602 277.656036 303.127350 304.629303
gray000003 0.001043 278.933441 285.100433 294.616180 298.794159
gray000004 0.399190 130.350403 296.548462 164.162628 337.102417
gray000004 0.005318 101.407639 262.166443 182.085922 354.039734
gray000004 0.001308 137.903046 296.421661 157.068542 328.374603
gray000006 0.590232 313.669983 273.768677 341.177185 292.979065
gray000006 0.056129 321.651123 277.589294 339.703186 290.735352
gray000006 0.009817 209.668533 281.226013 218.517899 287.246643
gray000006 0.004729 223.034286 282.522217 232.227310 290.083252
gray000006 0.003336 215.369003 282.099243 225.975998 287.712891
gray000007 0.701400 150.121033 268.358612 210.624420 314.602203
gray000008 0.330525 330.152832 252.776596 363.545593 303.829742
gray000008 0.010979 328.835632 259.351318 368.009888 282.407043
gray000008 0.002598 332.275726 261.941498 352.673859 293.757721
gray000008 0.001926 246.804642 129.322998 259.196564 136.464111
gray000008 0.001301 338.890717 267.878571 357.275177 298.044464
gray000008 0.001084 320.263824 239.341293 374.485199 319.592163
gray000009 0.914447 380.306763 260.685760 414.873657 280.249664
gray000009 0.006096 388.316742 264.551300 407.197174 275.236359
gray000009 0.001346 373.723572 252.045227 420.198486 296.873840
gray000010 0.006469 325.625092 311.940826 355.813446 338.201080
gray000010 0.002754 152.250717 309.338562 164.151047 341.737305
gray000010 0.002423 158.389740 308.466736 171.091522 340.484009
gray000010 0.001880 328.930176 286.655609 355.896423 346.842133
gray000010 0.001805 306.840881 302.865936 357.023865 349.882904
gray000010 0.001708 154.199890 317.109528 162.008911 335.187103
gray000010 0.001697 251.239334 264.048981 369.658325 354.172943
gray000010 0.001199 96.113129 255.371857 104.369354 264.849457
gray000010 0.001004 159.808853 314.697998 167.988663 337.029236
gray000011 0.421246 128.878723 229.124359 157.933105 258.743683
gray000011 0.002422 124.836128 213.538574 171.539642 266.523712
gray000011 0.001897 137.132217 235.736877 148.197952 254.639252
gray000012 0.987245 59.657295 260.813324 213.552002 332.484528
gray000013 0.985427 133.835266 330.031586 196.644501 391.208405
gray000014 0.634584 188.838226 235.604416 207.214020 247.939774
gray000014 0.001198 188.581863 228.697250 214.250504 252.460587
gray000015 0.498936 329.660736 288.384918 371.104706 333.133148
gray000015 0.018293 339.407410 291.683441 359.513184 329.800812
gray000015 0.004888 119.624565 274.683411 143.198700 318.957397
gray000015 0.001052 110.321793 270.707458 155.533127 322.627625
gray000016 0.726157 91.361359 235.166687 188.444550 359.345947
gray000017 0.712340 237.200317 285.743347 269.465607 359.013000
gray000018 0.301926 115.054825 286.968140 147.246994 328.191711
gray000019 0.009154 77.965050 307.474884 109.807014 326.942841
gray000019 0.009000 88.128372 291.827087 121.665237 334.074402
gray000019 0.007045 94.939407 287.573914 141.136368 337.651428
gray000019 0.003865 83.225830 293.111969 130.816116 357.919769
gray000019 0.002758 86.139503 311.058136 102.223885 322.328217
gray000019 0.002143 72.085426 145.321350 202.944824 346.047485
gray000019 0.001319 105.171875 273.377625 133.861816 321.648132
gray000020 0.939852 116.344452 248.833954 182.260712 325.008636
gray000021 0.515891 348.410400 309.359192 365.116943 350.791321
gray000021 0.005602 336.666473 303.425598 377.841888 353.533936
gray000022 0.638000 302.080688 291.610138 344.053162 319.786469
gray000023 0.914340 310.073364 271.780212 337.125061 296.933899
gray000023 0.004724 314.849060 277.578156 333.367859 292.355804
gray000023 0.002014 307.229248 265.269165 343.738098 307.343872
gray000024 0.875022 290.637115 282.604248 361.423187 337.341431
gray000025 0.210855 317.548431 157.000824 379.607025 218.667999
gray000025 0.001652 223.468506 153.569153 273.856140 252.246216
gray000025 0.001064 186.939362 176.992065 306.976685 250.195007
gray000026 0.961504 108.126740 269.571136 174.786743 317.301483
gray000027 0.833055 196.655609 206.245880 250.207672 281.324677
gray000028 0.222900 203.117966 286.890991 236.699295 360.911987
gray000029 0.581259 287.163818 264.360718 332.624207 294.884277
gray000030 0.901406 87.864273 183.306000 219.216751 349.184601
gray000030 0.072484 121.969917 214.797760 187.143860 312.025543
gray000031 0.922242 159.147552 325.120483 199.578949 352.998169
gray000032 0.458081 154.822571 228.041519 201.692688 278.449463
gray000032 0.025338 164.274078 235.611420 185.140533 273.255859
gray000033 0.005853 104.226944 267.929260 138.474365 320.149902
gray000033 0.005617 246.261963 133.376404 326.447998 210.021362
gray000033 0.001862 107.550270 240.180420 136.286926 292.702332
gray000033 0.001451 201.738510 207.694214 214.272598 215.118622
gray000033 0.001382 206.112244 208.494690 216.842102 216.815369
gray000034 0.753711 124.992531 234.999573 178.243729 282.977661
gray000034 0.003914 108.861557 215.494110 186.874649 305.725739
gray000035 0.673732 136.976517 221.069458 233.152725 313.904663
gray000035 0.001966 330.917175 151.465652 388.933228 251.281662
gray000035 0.001387 159.019257 233.291107 209.139404 301.266876
gray000036 0.948771 134.821747 244.922668 147.131378 255.780243
gray000036 0.011516 268.089569 200.081284 301.075409 212.226425
gray000036 0.003654 132.731247 246.510345 141.045853 256.681549
gray000036 0.002631 132.697113 242.211853 149.732605 261.647461
gray000037 0.962693 145.838425 327.614502 203.705917 388.211914
gray000037 0.001450 383.825409 303.819885 392.352264 312.697510
gray000037 0.001447 152.451416 345.109192 193.400085 379.729736
gray000038 0.622663 323.807709 288.051300 391.110443 377.300201
gray000039 0.014557 55.796539 295.630341 177.940735 374.782745
gray000039 0.004032 95.935410 335.671600 103.212021 341.669342
gray000039 0.002240 69.371063 194.191849 143.247604 243.672623
gray000039 0.001851 101.043304 304.257904 177.018860 353.779877
gray000040 0.648184 137.590240 220.262512 155.057770 252.445953
gray000040 0.001902 138.364944 225.451721 148.206314 249.756531
gray000041 0.442462 173.158981 250.492889 205.876205 308.053253
gray000041 0.008868 158.484085 241.494873 220.147629 317.175781
gray000041 0.001566 165.486755 268.917877 213.274872 299.333405
gray000042 0.289664 136.412140 268.445343 156.101654 301.110870
gray000042 0.001960 139.906250 275.998077 152.486786 295.258514
gray000043 0.551044 173.555328 229.351593 210.225861 290.131439
gray000043 0.001447 168.877289 244.390503 222.095795 276.933228
gray000044 0.607968 181.412811 276.529541 215.540161 304.902466
gray000045 0.955158 87.346619 258.117065 202.419891 357.302673
gray000046 0.009006 88.801476 238.474609 117.408897 288.416870
gray000047 0.692441 259.697357 320.841248 310.033112 370.565308
gray000047 0.096866 129.431244 185.459961 165.945129 212.111115
gray000047 0.003929 257.528412 341.110107 299.697418 366.875732
gray000048 0.020785 368.522278 289.615479 373.296814 297.825806
gray000048 0.002008 364.876251 288.717926 370.213104 296.966095
gray000049 0.701140 167.291000 267.893127 202.990707 314.155029
gray000050 0.936956 62.442665 243.378281 126.036827 298.028748
gray000051 0.732539 330.934875 272.131042 394.858154 342.329773
gray000052 0.364574 121.547188 190.477112 164.097168 237.590820
gray000052 0.007955 132.005402 198.159180 151.771576 230.084167
gray000053 0.233714 215.417603 145.440475 281.247223 250.106125
gray000053 0.033283 217.896240 121.096428 289.993378 163.855408
gray000054 0.470212 126.085953 238.922913 179.594345 288.292786
gray000054 0.247841 138.497513 257.143799 172.997513 283.408752
gray000054 0.011947 313.527802 139.871613 364.623383 191.086395
gray000054 0.001799 139.763062 224.530121 167.678741 286.470245
gray000055 0.577589 151.898743 229.956268 156.695496 235.212982
gray000055 0.046421 150.503204 231.548325 154.577332 236.007217
gray000056 0.879563 70.214836 243.701828 128.910645 290.167816
gray000056 0.039205 313.844025 273.316559 343.415375 321.529694
gray000056 0.001207 317.929504 275.769135 334.250183 314.304901
gray000057 0.960424 247.318634 211.141144 320.986664 256.437653
gray000058 0.724191 168.520523 219.682327 199.098709 275.731323
gray000059 0.894226 132.699799 262.012115 214.040009 338.704193
gray000060 0.729365 101.033325 221.534760 163.458160 277.629120
gray000060 0.001823 98.333138 233.809875 140.894684 269.443878
gray000061 0.660367 222.228912 310.201965 296.748993 367.246155
gray000062 0.715568 108.240601 291.720734 138.377335 321.358551
gray000062 0.002304 116.558311 300.045868 130.645355 314.363190
gray000063 0.758852 319.030518 274.300568 347.326843 301.069122
gray000063 0.003933 313.589630 265.365479 355.366913 310.194031
gray000063 0.003153 336.240051 223.365250 349.545593 233.121902
gray000063 0.001438 324.629089 282.619812 342.118774 297.532532
gray000064 0.952905 328.491241 164.256165 434.552338 259.672333
gray000065 0.555957 145.060303 294.036438 163.570740 303.371460
gray000065 0.104573 143.856506 290.006561 165.526154 308.467377
gray000066 0.180836 215.438782 258.554169 254.398102 306.904572
gray000066 0.022516 297.661865 302.022034 331.704224 332.115234
gray000066 0.008536 200.506195 230.673645 209.793060 243.338562
gray000066 0.005809 205.141571 270.522675 241.543274 300.598602
gray000066 0.003268 225.092484 268.836395 245.749252 299.231293
gray000066 0.002385 207.356873 229.969345 218.170135 240.538284
gray000066 0.001999 210.829193 256.114502 278.703186 333.294556
gray000066 0.001801 214.069870 227.512222 226.478928 234.751816
gray000066 0.001634 212.529312 230.181915 225.087967 239.500244
gray000066 0.001587 208.226471 273.999237 221.855103 309.142242
gray000067 0.623805 206.605331 349.150330 229.829971 370.279053
gray000068 0.610080 31.730125 126.251175 263.054596 309.833252
gray000068 0.091977 51.385059 178.352707 132.200180 234.032791
gray000068 0.066470 42.839840 153.337311 143.072449 265.802460
gray000068 0.001115 75.717644 164.912552 220.500732 292.553955
gray000069 0.799544 115.998436 217.358658 170.726410 269.789398
gray000069 0.002281 122.785553 224.858856 162.505432 255.675873
gray000069 0.001355 133.155960 222.170776 152.710007 264.384094
gray000070 0.926752 355.984955 324.856964 389.808075 351.750214
gray000072 0.421245 138.501312 273.462463 190.383759 324.984375
gray000072 0.269030 146.812744 283.813385 181.132233 318.696442
gray000073 0.068427 225.035660 163.560715 329.467773 205.645462
gray000073 0.031406 204.695129 242.748016 255.657135 287.324677
gray000073 0.007422 225.167480 235.290741 315.850220 324.203156
gray000073 0.001450 199.398682 218.301361 260.543610 309.582428
gray000073 0.001430 189.851700 172.647125 313.466980 218.063629
gray000073 0.001260 203.792068 254.082199 255.937485 271.583801
gray000075 0.530471 287.202728 290.845154 366.203339 357.597717
gray000076 0.687758 175.942688 94.238220 300.537964 269.866760
gray000076 0.003049 228.725082 74.591881 387.500366 157.101044
gray000078 0.468817 341.353882 229.159149 376.109680 311.413666
gray000078 0.408653 320.162781 226.245911 402.031860 315.633667
gray000079 0.133077 126.134705 91.825691 420.642212 308.395935
gray000079 0.001251 132.232819 120.032883 361.097717 233.030777
gray000080 0.729527 348.861053 238.165741 382.793427 345.739716
gray000080 0.001352 325.545654 252.707687 403.428406 340.474518
gray000081 0.966924 136.664047 250.764587 198.502365 330.935181
gray000082 0.389661 272.582123 279.755646 300.603912 309.069000
gray000082 0.003065 279.834076 290.623322 291.942596 307.728668
gray000083 0.601330 132.879349 325.258850 165.116104 377.646545
gray000083 0.001796 139.067627 330.228516 156.326904 369.802551
gray000084 0.420055 135.581726 219.068436 152.302734 253.375259
gray000084 0.001460 138.217712 225.672638 147.133270 249.820740
gray000085 0.894226 132.699799 262.012115 214.040009 338.704193
gray000086 0.861064 140.859192 234.678497 192.543640 287.762482
gray000086 0.001193 152.507309 250.645111 186.851395 281.775909
gray000086 0.001189 112.152519 224.581161 196.675079 302.777771
gray000087 0.991986 265.683960 129.252426 357.054077 243.056870
gray000088 0.840472 316.838074 202.381348 380.693787 275.716553
gray000089 0.919022 105.739571 253.490417 167.656097 317.442200
gray000090 0.817636 196.928741 213.750626 305.285187 317.960419
gray000091 0.769682 168.035324 136.285339 300.954956 291.099731
gray000091 0.007290 227.926437 144.708069 297.468201 264.814545
gray000092 0.301926 115.054825 286.968140 147.246994 328.191711
gray000093 0.612912 295.195862 208.881058 326.716248 266.238007
gray000093 0.017518 226.954712 184.452072 339.255859 287.815613
gray000093 0.004044 300.806122 219.587006 318.761444 256.747925
gray000094 0.024806 321.907684 279.071991 364.184235 305.399811
gray000094 0.008805 332.320557 259.597900 363.598572 312.156921
gray000095 0.863191 140.927063 243.513397 185.714569 293.211090
gray000095 0.012476 152.902191 250.269196 173.088196 287.964996
gray000096 0.645684 372.682678 244.346558 415.447693 296.547363
gray000096 0.013290 378.736450 258.165436 408.707031 288.586578
gray000097 0.639331 390.217773 315.352325 419.694275 345.966339
gray000098 0.158159 187.906418 250.881287 251.019028 314.283813
gray000098 0.099330 161.339874 249.928345 269.622711 336.713684
gray000099 0.475198 60.449303 233.107986 126.343056 291.794281
gray000099 0.120986 29.992462 209.984528 142.512192 298.029938
gray000099 0.012991 69.087654 253.125046 118.996040 280.737915
