gray000000 0.004071 296.202148 308.888763 302.876465 314.577545
gray000000 0.001227 296.956726 311.755310 301.502197 316.865112
gray000000 0.001219 291.197632 306.431610 299.555481 313.961151
gray000001 0.811535 376.955872 255.374634 415.937988 287.019348
gray000001 0.001239 358.893585 245.598190 433.548431 298.589874
gray000002 0.863017 130.019699 336.180908 189.465622 381.120789
gray000003 0.108406 270.790375 274.992004 302.521210 306.643738
gray000003 0.003054 296.954193 328.366211 309.904694 337.276855
gray000004 0.630537 129.100845 301.008453 165.007736 338.864044
gray000004 0.001412 292.464172 501.432709 340.318115 512.000000
gray000005 0.456236 200.826752 286.035645 208.076385 299.599915
gray000005 0.017706 198.326187 283.718079 210.732956 302.451233
gray000005 0.001623 211.856003 348.169800 217.215164 353.134155
gray000005 0.001448 219.035889 348.192047 224.669617 353.715851
gray000006 0.702983 315.461151 274.083832 341.236481 293.131683
gray000006 0.316792 206.138321 278.677002 215.298416 290.917480
gray000009 0.795852 381.778046 258.911255 409.282074 283.545471
gray000010 0.002203 224.449310 66.220711 228.608948 69.237663
gray000010 0.001308 103.220238 200.679718 140.711472 235.745422
gray000011 0.810284 131.010635 226.967789 156.510452 259.578491
gray000011 0.001433 123.726646 220.162949 168.219879 267.285980
gray000012 0.215109 47.382996 250.841125 228.465118 344.176208
gray000013 0.972958 129.318909 335.115784 197.088806 390.447510
gray000014 0.762699 188.969864 235.019958 209.045578 248.556610
gray000014 0.003136 184.519806 227.883591 212.909637 251.326065
gray000015 0.936323 329.641296 288.054810 370.114685 333.665161
gray000015 0.060436 335.281799 295.441040 363.267334 324.995300
gray000015 0.001663 318.647278 279.389801 393.315125 340.756683
gray000016 0.952320 83.645439 241.382385 203.475952 349.617920
gray000016 0.002847 114.911980 253.815857 180.341370 331.374023
gray000016 0.001044 28.633080 195.330627 259.416595 405.867737
gray000017 0.343061 235.991455 292.603394 270.994781 357.639404
gray000017 0.044016 228.311295 268.887268 292.610687 367.891846
gray000017 0.003947 207.234619 234.195221 322.590881 367.314178
gray000017 0.003454 247.420624 296.891632 261.363312 355.897797
gray000017 0.003273 249.074371 296.971497 285.043976 356.769592
gray000018 0.029009 103.754288 290.846985 149.603104 325.666260
gray000018 0.012009 116.033768 296.023468 145.655655 319.740448
gray000019 0.003026 392.285736 236.970306 415.251984 254.036621
gray000019 0.001825 146.064392 297.260956 199.555237 368.316498
gray000020 0.989810 114.955223 252.278824 187.216583 330.731384
gray000021 0.908665 345.532104 308.999939 370.361694 348.264893
gray000021 0.001068 335.251282 298.516449 381.093811 359.434784
gray000022 0.289151 303.593567 289.956879 345.359375 317.902374
gray000022 0.001295 390.367279 5.639992 458.512421 138.777100
gray000023 0.974121 310.460999 270.101105 337.198608 299.317596
gray000025 0.001453 426.011475 199.257217 433.068848 205.568985
gray000026 0.860979 104.284775 272.576141 175.818710 323.675690
gray000026 0.002546 75.911888 254.413452 203.431824 349.356750
gray000027 0.164107 198.151169 235.679718 256.522217 287.017853
gray000028 0.011743 194.925934 300.192322 245.471649 358.572021
gray000028 0.001971 177.756088 279.608368 247.961960 340.137482
gray000029 0.946189 285.650726 258.004700 333.027740 300.062500
gray000030 0.030722 78.697716 211.626556 228.252197 327.162201
gray000031 0.966808 160.289322 329.073761 200.020096 353.982452
gray000031 0.010556 153.532944 318.688477 206.961594 363.931091
gray000032 0.892705 154.449890 239.208496 194.560669 271.667786
gray000032 0.001776 144.664001 226.744217 202.525818 278.153412
gray000033 0.001148 1.357859 1.000000 46.418846 71.343681
gray000034 0.394053 130.286057 233.442902 178.151505 286.958160
gray000034 0.002908 141.990356 243.510834 169.676422 277.142120
gray000034 0.001608 281.448273 219.649719 290.222015 226.068237
gray000035 0.968411 138.435303 223.565613 230.083618 310.390381
gray000035 0.001133 2.785444 21.094116 50.923065 151.205582
gray000036 0.733263 137.483932 245.416260 148.319016 255.735657
gray000036 0.001573 135.159042 244.702271 155.798080 257.684418
gray000037 0.981438 145.396118 326.256927 204.519073 389.326202
gray000038 0.963643 318.706207 291.689392 398.461151 372.812378
gray000038 0.003908 59.250412 506.045319 66.985123 510.963654
gray000040 0.798818 130.477737 219.794601 156.669052 251.602921
gray000041 0.901461 158.908218 248.027206 220.103836 305.509583
gray000041 0.002304 173.139038 260.198212 205.881592 292.703827
gray000042 0.005073 390.253906 34.033222 462.146179 141.906693
gray000043 0.003726 389.181580 301.908600 403.052673 309.949554
gray000043 0.001283 167.115891 239.418655 213.165756 284.419830
gray000044 0.545583 181.745865 273.235657 215.615494 308.503113
gray000044 0.012310 176.062027 264.201630 225.124222 318.325226
gray000044 0.001399 306.460205 287.245575 348.187744 313.934723
gray000044 0.001023 206.266312 254.866882 318.353210 373.637817
gray000045 0.917312 103.902748 249.140839 193.106598 356.369110
gray000045 0.016681 244.581223 208.086334 254.823349 219.649323
gray000045 0.001016 241.893265 203.469315 257.991760 223.020950
gray000046 0.093910 52.137596 129.385712 247.516479 331.912384
gray000046 0.001620 84.940758 154.982483 194.343079 310.488647
gray000047 0.647520 254.655853 306.067871 314.015656 374.335449
gray000047 0.002979 212.971069 308.949524 260.380768 346.664856
gray000047 0.001001 215.922913 283.788330 344.906860 387.175232
gray000049 0.919807 162.053375 273.820740 210.311188 316.040527
gray000049 0.004892 162.878891 274.191132 199.089981 298.743500
gray000049 0.004266 173.014145 278.992432 200.475906 310.897461
gray000050 0.969121 59.352459 250.195236 125.398422 290.692596
gray000050 0.009734 432.068512 338.431396 440.821625 344.596924
gray000050 0.002614 75.132462 255.578812 110.933624 283.951721
gray000050 0.001310 448.978638 273.378632 459.623596 282.872406
gray000051 0.925758 322.897461 278.099457 398.393066 342.904938
gray000051 0.004576 301.931793 259.405396 420.901764 359.370667
gray000052 0.834834 121.608826 196.074600 163.508301 231.819077
gray000052 0.017482 123.177849 198.204895 145.922562 225.875763
gray000052 0.008873 111.545624 184.532974 170.074371 242.761887
gray000054 0.035037 148.677444 266.380066 167.026688 284.331238
gray000054 0.003091 131.036926 247.281555 174.956848 286.357483
gray000055 0.829423 153.130157 229.525238 156.813934 235.215637
gray000055 0.010806 150.713135 228.579514 155.733032 235.901627
gray000055 0.004528 150.652145 228.943970 159.684006 238.038208
gray000055 0.004285 204.638611 207.514526 211.842896 216.907013
gray000055 0.001072 200.349640 239.991760 208.523132 250.246735
gray000055 0.001024 510.543762 213.152176 512.000000 228.894791
gray000056 0.979848 65.163422 246.501556 120.594330 288.755524
gray000056 0.002806 435.926208 225.704178 443.172546 233.375992
gray000056 0.001183 460.923462 1.000000 511.458679 50.394699
gray000057 0.804595 244.642166 216.451584 313.270660 249.546097
gray000057 0.001219 386.568390 450.833710 451.412323 492.198456
gray000058 0.955146 164.658539 225.626694 200.549530 272.670776
gray000058 0.006393 151.549194 214.874313 209.544312 281.126099
gray000059 0.988713 128.384781 262.542542 224.552811 342.865051
gray000060 0.913030 97.879089 224.893143 163.529663 282.406860
gray000060 0.001017 80.903717 204.025711 186.468292 298.180908
gray000061 0.480399 221.649719 311.479187 288.134033 360.053894
gray000061 0.001001 189.303406 284.658936 314.600006 385.441956
gray000062 0.900485 107.819298 295.483887 137.632706 319.555664
gray000063 0.537818 319.478027 278.981171 346.203613 301.913239
gray000064 0.952631 324.493652 170.866287 453.146423 255.621811
gray000064 0.001375 344.382568 181.197937 418.999023 245.029510
gray000065 0.788710 146.143036 290.816101 163.630768 301.693481
gray000065 0.002452 140.449478 287.286926 169.708878 306.943298
gray000065 0.001262 507.400269 197.886017 512.000000 229.715729
gray000066 0.166911 226.254562 276.895691 274.344940 324.369263
gray000066 0.022146 211.612213 261.953949 255.698456 309.182404
gray000066 0.013084 236.063416 294.701813 269.380219 318.799774
gray000066 0.007219 219.737671 151.621048 270.270691 208.206070
gray000066 0.006365 267.446625 284.122589 281.301727 297.535980
gray000066 0.003656 209.893860 248.905121 283.846405 322.896637
gray000066 0.001248 393.621063 1.000000 453.901215 58.132080
gray000067 0.882551 207.001923 351.708099 229.840973 368.339935
gray000067 0.001222 322.569763 379.965820 326.787170 384.301331
gray000068 0.001596 58.209866 182.402206 126.598587 228.546249
gray000069 0.817486 124.843445 221.878387 160.388275 263.785126
gray000069 0.029115 114.187538 210.721741 168.125809 275.239044
gray000070 0.961774 353.977631 327.202087 391.975311 351.553589
gray000070 0.003536 345.595947 317.933319 400.571899 361.735382
gray000072 0.926328 143.032669 282.813110 187.383621 319.717834
gray000072 0.042751 133.280838 272.695129 198.302048 328.664673
gray000073 0.673315 210.465073 148.821564 312.005005 213.762238
gray000075 0.948944 304.108734 287.411987 357.590118 370.681946
gray000075 0.005315 278.236664 275.422333 382.911835 385.352325
gray000075 0.003449 287.339264 505.985016 327.824493 512.000000
gray000075 0.003205 175.302048 505.557495 220.806351 512.000000
gray000076 0.840497 154.107117 100.260452 335.008453 269.857971
gray000076 0.001757 205.743729 111.811249 289.284637 259.971588
gray000078 0.818127 316.841492 233.782074 402.771362 308.913361
gray000078 0.002570 339.548401 234.980865 378.617554 313.979584
gray000079 0.001785 144.047668 106.156654 338.061890 305.662140
gray000079 0.001460 438.442535 32.398411 510.972321 136.309753
gray000080 0.828379 341.454102 246.504181 388.127441 337.591705
gray000080 0.004100 314.700775 243.803360 414.497833 346.468140
gray000081 0.464381 138.363007 264.070221 198.322021 320.431549
gray000082 0.003889 269.270264 280.171234 304.481384 313.713226
gray000083 0.946784 129.191483 335.310028 165.497452 376.016876
gray000084 0.853609 130.316925 219.646194 156.433411 252.431381
gray000085 0.988713 128.384781 262.542542 224.552811 342.865051
gray000086 0.970806 142.047195 235.588272 195.180405 291.229706
gray000086 0.002372 152.236176 245.620163 181.744629 278.371735
gray000086 0.001066 150.223129 257.871979 189.848190 289.372223
gray000087 0.477360 243.767853 127.471237 375.473724 241.827225
gray000087 0.256900 142.881439 109.878258 399.834015 248.500977
gray000087 0.001216 282.442932 154.823059 352.490967 221.892792
gray000088 0.899210 315.216370 209.189072 386.288696 277.147461
gray000089 0.786728 103.178574 263.204346 171.478226 321.369019
gray000089 0.005135 82.649338 247.185837 195.145096 345.724915
gray000089 0.003632 372.708527 247.463745 419.855682 289.135559
gray000089 0.001778 2.655399 1.000000 44.818844 62.297226
gray000089 0.001233 126.129875 276.700745 153.923843 307.619507
gray000091 0.818444 142.397003 117.004028 334.242706 300.090851
gray000091 0.006890 164.608856 218.226227 243.159454 284.845764
gray000091 0.001319 182.922485 236.225754 231.003021 282.921143
gray000092 0.029009 103.754288 290.846985 149.603104 325.666260
gray000092 0.012009 116.033768 296.023468 145.655655 319.740448
gray000093 0.057736 293.940979 226.839630 339.721436 271.670929
gray000093 0.002886 268.907898 215.143631 352.216064 279.005249
gray000093 0.001342 301.338379 233.190933 332.774719 259.046997
gray000095 0.962758 141.807480 250.302551 182.830307 288.626770
gray000096 0.954064 369.323425 251.440018 414.722351 289.347229
gray000096 0.003982 351.383698 245.559708 433.498993 296.301453
gray000097 0.967618 388.823669 314.520325 422.322754 349.404236
gray000098 0.025890 191.701355 263.906952 249.650024 328.681244
gray000098 0.001264 170.181839 245.511795 258.253235 313.764771
gray000099 0.007773 225.290878 279.345398 236.862045 293.520813
gray000099 0.002943 65.405434 250.348160 121.379005 288.549011
