gray000000 0.132570 177.373077 257.537628 302.436371 355.223053
gray000000 0.083073 156.434952 191.582886 330.909973 362.127808
gray000000 0.034480 207.617920 306.401245 287.671234 351.838440
gray000000 0.022264 198.280930 285.221893 270.865662 344.676910
gray000000 0.005009 193.698944 315.471283 275.467133 369.091766
gray000000 0.004181 188.179230 193.431610 281.496460 286.766083
gray000000 0.003692 242.497009 274.478790 312.727966 326.213470
gray000000 0.003312 223.965515 291.431854 299.135986 340.054657
gray000000 0.003138 249.068222 317.673035 287.183716 346.970703
gray000000 0.003116 106.578758 351.049896 169.911560 393.586334
gray000000 0.002883 202.910736 278.719635 293.388611 321.332001
gray000000 0.002532 199.631912 221.937195 329.060486 319.671082
gray000000 0.002255 241.963501 300.276794 282.215210 356.843567
gray000000 0.002252 193.912643 120.107811 201.287064 128.648331
gray000000 0.002000 171.566925 169.772049 294.450531 256.004669
gray000000 0.001691 215.337402 292.784302 252.389618 363.540527
gray000000 0.001497 203.793442 286.827850 253.691299 316.050873
gray000000 0.001256 287.802765 362.545837 371.641693 394.273071
gray000000 0.001180 260.830109 281.880371 295.826263 343.535889
gray000000 0.001058 98.716713 346.634583 149.464355 378.334167
gray000000 0.001026 254.566574 285.126648 299.417786 316.648193
gray000001 0.261857 376.929443 261.054840 415.762329 291.108978
gray000001 0.007947 380.890167 254.204651 399.331024 287.019897
gray000001 0.001826 357.146545 261.164978 403.329285 301.771057
gray000001 0.001240 380.912231 262.434326 398.558838 277.078674
gray000001 0.001114 395.489319 258.280121 410.632629 296.609222
gray000002 0.704980 126.602783 334.493622 188.352600 382.765045
gray000002 0.041901 135.653580 348.303955 177.333267 377.371948
gray000002 0.024711 287.209412 158.767258 382.248291 245.971848
gray000002 0.008742 23.319550 199.919556 200.011658 349.470764
gray000002 0.002956 59.560707 226.619720 155.972931 321.236542
gray000002 0.002428 257.364075 115.861275 408.483398 251.128754
gray000002 0.002152 119.192116 249.043365 183.592407 284.926727
gray000002 0.001695 146.278137 336.772003 165.481995 378.477509
gray000002 0.001169 419.503204 233.988998 452.343414 255.964798
gray000002 0.001070 131.972137 239.027191 167.729218 295.845551
gray000003 0.550700 271.184814 280.095154 300.981567 305.092590
gray000003 0.118822 258.376923 271.489624 309.485748 316.271851
gray000003 0.007511 282.219940 281.386658 313.099335 305.064087
gray000003 0.004721 231.171707 253.866669 325.954407 336.223724
gray000003 0.003746 276.647034 283.810394 295.885986 301.173676
gray000003 0.003329 290.267273 277.827911 305.603210 308.681854
gray000003 0.001646 231.066040 269.069916 271.107544 327.084259
gray000003 0.001585 161.745560 179.343323 389.763123 311.492981
gray000004 0.116390 139.119888 310.099396 155.095688 336.701324
gray000004 0.105263 130.021133 307.175476 153.893875 330.196716
gray000004 0.036931 141.026474 312.438385 153.337509 325.867950
gray000004 0.030797 338.654083 339.697632 374.087799 361.833069
gray000004 0.028228 137.357285 316.048340 148.579880 330.535828
gray000004 0.008068 353.725739 345.433319 392.215179 366.342682
gray000004 0.005686 124.848785 302.160278 145.351318 332.644775
gray000004 0.004765 343.570312 345.125122 355.265564 356.043396
gray000004 0.004600 350.705261 338.101257 362.707275 362.189758
gray000004 0.004382 126.755745 310.847534 143.242874 325.390686
gray000004 0.003726 130.257965 317.688812 140.233917 330.357758
gray000004 0.003698 124.615562 301.411804 156.863037 346.910767
gray000004 0.002220 89.724098 289.194214 116.428993 331.030579
gray000004 0.001883 340.382538 347.299805 358.375092 363.165527
gray000004 0.001685 71.711670 250.976013 146.432709 361.359558
gray000004 0.001455 133.157501 489.355713 150.162079 512.000000
gray000004 0.001410 117.894203 303.655273 135.452606 329.478516
gray000004 0.001336 86.872925 284.916901 100.540619 317.372894
gray000004 0.001252 95.986580 280.023804 107.476082 322.500244
gray000004 0.001233 121.221260 310.326630 131.341080 323.453156
gray000004 0.001182 124.549431 492.038330 157.461609 510.761230
gray000004 0.001077 356.059265 341.981232 373.395386 369.292023
gray000005 0.023435 218.588135 345.247833 224.455353 352.537933
gray000005 0.013241 215.156799 217.086426 243.190918 240.601196
gray000005 0.012943 146.444794 261.935272 216.979218 297.218475
gray000005 0.007281 198.027786 288.260101 209.497208 298.792877
gray000005 0.006494 154.621017 279.071075 190.163467 305.911102
gray000005 0.006129 218.786118 210.065216 253.364578 232.778015
gray000005 0.005797 224.202576 218.750275 234.491577 236.929443
gray000005 0.002341 145.895508 306.006348 199.447021 349.748596
gray000005 0.002030 239.621323 209.397018 249.199661 217.563187
gray000005 0.001695 159.741913 247.289490 204.202667 313.371582
gray000005 0.001589 147.094238 269.699097 182.400024 302.229309
gray000005 0.001561 226.701019 207.224335 245.424286 249.651062
gray000005 0.001175 305.876221 345.707581 311.212708 350.749023
gray000005 0.001146 231.698685 209.115189 242.746719 217.774857
gray000005 0.001067 216.843750 351.561493 223.607361 358.208771
gray000006 0.381596 322.485168 278.099915 339.699036 288.852844
gray000006 0.322229 318.323975 272.905884 342.812012 294.640076
gray000006 0.188310 207.122940 278.531433 216.468033 289.488403
gray000006 0.070613 203.690720 279.053192 211.890823 289.185211
gray000006 0.018547 310.229614 260.604675 342.253296 297.776978
gray000006 0.009080 204.016235 275.549164 219.740509 292.440094
gray000006 0.006177 326.405731 272.468323 335.716400 288.323608
gray000006 0.002431 160.894791 265.319885 167.425491 271.974915
gray000006 0.002317 283.760712 272.648346 339.874237 314.810516
gray000006 0.002178 154.807602 266.703949 162.182877 271.440826
gray000006 0.001842 258.755035 280.586578 307.733612 317.804413
gray000006 0.001557 240.152832 234.394730 313.531372 313.580597
gray000006 0.001098 196.950882 271.066376 217.565628 298.466522
gray000006 0.001066 172.175354 232.632355 177.061554 238.461121
gray000006 0.001051 226.583740 305.868317 231.727814 314.458771
gray000007 0.253451 151.509720 267.377075 208.640762 318.075195
gray000007 0.006525 112.673737 229.713440 227.810852 332.704468
gray000007 0.003457 329.111908 262.936798 406.891266 331.569672
gray000007 0.003052 35.778107 219.178421 191.461914 320.987183
gray000007 0.001494 149.920959 275.296204 183.466156 308.745178
gray000008 0.061108 298.775543 236.627579 361.233612 293.280884
gray000008 0.060700 282.980682 210.854675 390.197357 320.804749
gray000008 0.026680 328.895294 247.596970 358.651947 305.493164
gray000008 0.019049 310.657501 254.392990 374.082489 300.944489
gray000008 0.015759 83.710663 202.865738 203.706665 332.983948
gray000008 0.005339 87.315659 242.240891 154.249481 287.881226
gray000008 0.005189 305.019348 193.709091 416.052856 284.822174
gray000008 0.003764 136.993149 225.712036 145.355576 233.839508
gray000008 0.003433 89.056351 216.049240 152.555252 255.628525
gray000008 0.003022 97.513756 176.495026 173.645386 225.935852
gray000008 0.002998 136.904633 231.772217 147.075531 239.988037
gray000008 0.002891 103.530067 250.377777 167.058640 306.180511
gray000008 0.002797 166.973450 257.742645 178.232391 265.650909
gray000008 0.002668 102.166245 229.652313 166.796799 271.421600
gray000008 0.002597 204.822449 218.839951 234.100006 239.879105
gray000008 0.002447 333.678528 250.649979 348.741760 288.248962
gray000008 0.002446 103.930969 216.115723 137.045517 278.809265
gray000008 0.002291 105.737411 226.034698 142.370148 248.207672
gray000008 0.002240 77.599960 99.668457 211.589279 254.280518
gray000008 0.002221 142.848389 232.356018 153.600311 239.136627
gray000008 0.002060 218.456360 178.317001 405.094421 309.091248
gray000008 0.002051 109.710419 232.450989 223.182709 314.086975
gray000008 0.002042 316.873352 247.782532 348.049255 303.919006
gray000008 0.001913 311.058472 221.922546 345.758057 282.649292
gray000008 0.001806 69.324265 224.005692 143.055847 273.131531
gray000008 0.001777 95.615051 233.690399 137.420700 254.818634
gray000008 0.001667 37.159935 142.139145 256.617188 289.869751
gray000008 0.001626 89.215393 197.063873 153.616318 239.592896
gray000008 0.001498 344.143158 255.664276 368.328461 297.525238
gray000008 0.001452 119.343765 233.112625 131.280060 240.617050
gray000008 0.001451 106.299088 218.742447 141.518402 238.449539
gray000008 0.001391 157.222397 249.458176 187.630142 273.421082
gray000008 0.001149 312.829315 229.615356 375.365814 277.832794
gray000008 0.001083 90.951767 162.699341 154.343048 208.603638
gray000008 0.001074 49.151798 235.052109 134.030609 292.766693
gray000008 0.001060 67.705536 255.135513 142.738892 304.494690
gray000008 0.001015 283.115173 145.107407 406.268494 271.859497
gray000008 0.001011 128.445786 232.827728 139.262894 240.048462
gray000009 0.321347 378.828674 263.052673 413.903076 287.917236
gray000009 0.020536 367.509552 256.518097 419.648590 298.668915
gray000009 0.006405 380.266937 259.165649 401.947174 282.220703
gray000009 0.005461 236.993912 222.797531 252.412460 233.950974
gray000009 0.003834 386.608002 264.497681 405.799164 276.300476
gray000009 0.003221 394.728851 260.902283 410.666351 290.405579
gray000009 0.002132 388.186646 268.789307 405.600525 283.239563
gray000009 0.001455 366.108765 261.211670 399.779602 291.835266
gray000010 0.087617 301.416748 293.211090 330.564392 321.382599
gray000010 0.019165 303.560883 261.340179 315.983246 277.251251
gray000010 0.018099 341.094452 303.277496 355.047699 330.425262
gray000010 0.015330 331.998901 304.008820 363.312317 329.509064
gray000010 0.014903 342.254608 310.554871 353.607025 322.122437
gray000010 0.013329 334.446686 310.511047 348.466339 323.702209
gray000010 0.013329 289.184875 292.828918 339.308838 329.479126
gray000010 0.011062 342.947327 304.641479 353.262207 315.480164
gray000010 0.010799 468.848572 145.975739 502.655762 290.175232
gray000010 0.009252 299.548309 254.326538 320.580597 285.632019
gray000010 0.008818 307.858887 299.427216 325.193115 317.367645
gray000010 0.008552 331.531525 305.308258 354.049713 347.933319
gray000010 0.008449 471.961273 183.253235 507.163544 253.620911
gray000010 0.007950 190.104523 368.682922 201.121033 376.646057
gray000010 0.007292 315.979492 298.860687 329.726562 306.785858
gray000010 0.006969 336.701691 303.792236 348.988251 316.904541
gray000010 0.006681 379.190186 166.794037 398.655884 196.512817
gray000010 0.005648 303.695953 301.286774 316.864655 314.361786
gray000010 0.005544 170.599136 361.484375 176.555038 369.159790
gray000010 0.005481 189.763275 233.028442 218.904083 252.760956
gray000010 0.004948 185.872528 369.079498 192.284241 377.979523
gray000010 0.004802 380.826111 175.814514 397.096130 187.073059
gray000010 0.003973 349.617981 311.602936 362.022278 320.661774
gray000010 0.003771 343.511902 329.050018 352.478821 337.704376
gray000010 0.003668 426.681427 153.103165 504.619598 262.300751
gray000010 0.003437 315.487427 306.885071 371.825745 346.299194
gray000010 0.003197 410.133759 111.238831 508.868805 309.103607
gray000010 0.003168 311.546875 298.803253 323.195496 308.132172
gray000010 0.002671 162.539505 361.262787 167.894150 370.144012
gray000010 0.002514 176.079056 360.566864 184.237686 371.300873
gray000010 0.002150 314.487366 300.624298 331.584534 314.960480
gray000010 0.002035 185.874878 376.373169 194.482208 382.506897
gray000010 0.002007 341.870514 314.799255 355.505585 348.877197
gray000010 0.001732 215.490173 301.451111 331.208618 379.497009
gray000010 0.001555 192.700546 376.724731 199.107620 383.376953
gray000010 0.001520 196.092896 226.078384 212.101410 251.327103
gray000010 0.001315 323.772583 297.484009 358.399597 323.458130
gray000010 0.001210 305.414368 297.960785 316.923340 306.912750
gray000010 0.001148 314.650208 295.907135 342.634094 329.434845
gray000010 0.001114 186.274872 360.587372 206.053284 386.226593
gray000010 0.001107 393.384247 158.984390 403.098480 170.824600
gray000010 0.001075 271.183655 299.295563 396.000671 372.196259
gray000010 0.001053 185.496887 359.628845 193.053864 369.238464
gray000010 0.001036 114.246552 194.536758 119.965683 201.027664
gray000010 0.001036 210.418976 329.599426 284.282043 402.640930
gray000011 0.383902 137.349396 229.980209 155.146667 260.285919
gray000011 0.117207 126.091026 226.515228 156.353653 270.179169
gray000011 0.082716 320.504333 233.372620 329.054382 243.708862
gray000011 0.010488 317.354553 226.097031 334.342957 249.880997
gray000011 0.006562 134.943573 236.250305 150.738708 254.584412
gray000011 0.004707 135.778000 216.554047 162.024246 262.604462
gray000011 0.004653 345.492065 252.235626 382.145142 271.883453
gray000011 0.003661 321.067596 238.402817 329.082245 247.056229
gray000011 0.003397 315.253906 233.076752 322.684814 243.262268
gray000011 0.003358 126.854309 237.083542 144.380310 266.294403
gray000011 0.003072 200.856842 202.298294 224.308929 221.701859
gray000011 0.002819 358.254120 257.316772 371.824799 266.134949
gray000011 0.001255 168.981964 245.533508 176.899078 260.980347
gray000011 0.001199 366.436890 273.457184 379.675598 281.292816
gray000011 0.001142 367.220612 278.062408 378.595856 288.194305
gray000011 0.001117 130.844589 243.043045 139.983963 260.166229
gray000011 0.001066 165.828201 240.760132 180.019119 263.589294
gray000011 0.001024 179.406311 217.395050 195.882782 241.805389
gray000011 0.001019 170.359619 212.003387 199.617706 259.735229
gray000012 0.258255 68.629158 251.114609 207.470703 335.318146
gray000012 0.104633 48.621094 204.665817 233.575836 362.491821
gray000012 0.009100 61.670597 254.534958 150.984131 307.807678
gray000012 0.002175 86.217163 238.188507 154.973053 330.829498
gray000012 0.002174 213.866119 215.621735 388.038239 410.851715
gray000012 0.001670 398.693787 298.289795 440.913757 319.807861
gray000012 0.001334 253.386307 261.369354 349.076782 344.195282
gray000012 0.001149 109.662224 222.064728 188.978943 347.010895
gray000012 0.001118 152.470413 366.481201 164.732376 376.212585
gray000013 0.700946 134.452927 338.471985 192.578720 387.533020
gray000013 0.040935 279.360535 139.928986 386.203735 267.826538
gray000013 0.011226 145.165314 349.620087 196.761627 377.163910
gray000013 0.008335 114.257515 326.536285 201.672943 399.305084
gray000013 0.001292 373.861572 290.688049 447.364441 328.910461
gray000013 0.001083 15.298851 188.496490 204.765198 360.277802
gray000014 0.256431 187.298111 229.897507 208.944962 254.500839
gray000014 0.024654 192.252991 232.370514 205.524445 248.454010
gray000015 0.352667 335.268188 296.711884 365.325012 324.620697
gray000015 0.231090 323.763000 288.130676 375.299255 333.595947
gray000015 0.007236 120.572311 287.842194 141.846970 316.827545
gray000015 0.001613 366.516144 165.792526 418.070648 267.919250
gray000015 0.001469 100.339058 275.531189 144.950684 323.166199
gray000015 0.001132 344.345764 281.528625 369.904541 327.268188
gray000016 0.488468 72.857689 234.251404 199.232056 355.980652
gray000016 0.021811 118.466965 230.533844 174.347397 361.804596
gray000016 0.005894 99.999664 261.442657 175.961548 331.418610
gray000017 0.212181 234.927750 292.948486 267.200745 364.072937
gray000017 0.099774 247.776428 303.042511 275.481323 355.154694
gray000017 0.027038 222.530548 288.247345 253.296509 343.659454
gray000017 0.022710 234.736313 275.158112 286.841827 383.205902
gray000017 0.015744 246.424561 220.999176 311.422852 274.070953
gray000017 0.013156 229.719330 201.976624 325.087677 291.166656
gray000017 0.007987 203.528549 301.457489 270.850037 351.117828
gray000017 0.005799 208.459702 262.533142 263.923096 370.399231
gray000017 0.004651 280.207825 283.511597 309.267761 346.924622
gray000017 0.004113 220.488190 230.806427 320.137177 365.671295
gray000017 0.003069 245.867386 202.139313 286.317932 267.272919
gray000017 0.003004 247.100525 319.548950 262.018188 363.549133
gray000017 0.002877 253.092239 322.426361 266.759064 361.758209
gray000017 0.002775 236.832947 296.113922 264.732086 323.120148
gray000017 0.002299 237.081238 227.247375 354.165161 313.656067
gray000017 0.002036 268.571075 298.654114 292.680145 352.973755
gray000017 0.001816 232.026169 317.047516 288.720123 365.211029
gray000017 0.001324 238.655777 269.827179 253.427475 284.634430
gray000017 0.001316 281.622009 232.355530 310.194153 290.809570
gray000017 0.001252 284.312683 226.140289 339.055664 272.767365
gray000017 0.001123 259.752472 240.350586 330.986847 283.895203
gray000017 0.001098 264.068115 208.025116 327.266113 265.443420
gray000017 0.001069 251.650330 283.385925 342.254700 377.500183
gray000018 0.127931 108.883186 296.714966 140.651993 320.352783
gray000018 0.033786 96.765755 292.458099 147.321793 327.922211
gray000018 0.012888 168.079056 276.127716 197.913467 321.011200
gray000018 0.006626 116.898651 301.965149 132.159622 315.449585
gray000018 0.005357 117.713905 288.174713 134.000900 317.296967
gray000018 0.003904 123.267532 292.996521 139.200119 323.356873
gray000018 0.003777 102.038452 279.126495 164.973907 323.247101
gray000018 0.003499 113.984589 292.395020 146.796326 313.128906
gray000018 0.002936 164.364777 290.868713 183.426514 326.533936
gray000018 0.002861 297.772919 289.165161 304.740875 297.675171
gray000018 0.002795 116.807846 299.890442 145.398880 329.338623
gray000018 0.002733 172.151733 284.606506 187.941284 317.784180
gray000018 0.002418 140.951660 271.771515 196.564728 325.727936
gray000018 0.001938 116.892471 308.574890 132.476913 322.029541
gray000018 0.001793 119.849121 296.553406 131.907654 307.747375
gray000018 0.001763 113.411049 302.511658 123.192085 316.813477
gray000018 0.001603 74.200638 210.159027 159.945312 340.863983
gray000018 0.001304 168.007431 294.272430 178.782211 307.635101
gray000018 0.001287 180.973984 273.400604 195.678909 298.511078
gray000018 0.001132 129.815903 351.674866 137.384415 361.967285
gray000019 0.475899 61.928185 143.968414 216.965607 344.156158
gray000019 0.080149 190.591492 107.613762 435.425049 268.592529
gray000019 0.031361 373.941376 357.172577 386.844635 371.902740
gray000019 0.028113 361.463470 361.069305 371.248871 370.264496
gray000019 0.025848 74.668358 182.351746 197.395996 290.508209
gray000019 0.021513 258.497437 140.878754 404.224731 221.347748
gray000019 0.020853 326.463898 360.551208 342.203217 370.141418
gray000019 0.013224 103.432182 149.851868 170.103302 314.280640
gray000019 0.012828 367.391418 358.369110 379.032837 370.185211
gray000019 0.009802 346.610992 356.036316 383.677460 374.400208
gray000019 0.008947 351.531525 360.839874 362.714996 370.424774
gray000019 0.007332 178.567413 1.000000 432.529694 419.474243
gray000019 0.005389 332.854279 361.683044 345.885284 370.815308
gray000019 0.004558 341.340607 361.516968 355.139496 369.939819
gray000019 0.004442 356.028290 353.811768 374.152496 376.218811
gray000019 0.003115 335.154816 356.035858 362.262909 375.008087
gray000019 0.002858 424.615112 288.064758 433.315491 295.966370
gray000019 0.002588 198.363434 313.363678 213.597382 321.380768
gray000019 0.002545 127.834038 274.807678 169.034973 295.725769
gray000019 0.002483 367.603119 350.036865 392.989838 378.779968
gray000019 0.002481 328.645844 367.361359 340.436981 374.616486
gray000019 0.002461 121.025604 273.424957 129.704773 281.224091
gray000019 0.002364 335.957153 364.726135 346.630127 377.363342
gray000019 0.002322 127.118568 292.002380 179.268387 333.060791
gray000019 0.002291 207.451218 311.855438 216.598068 321.984528
gray000019 0.002122 368.657135 355.206085 377.872528 363.650482
gray000019 0.002120 321.281464 354.983643 346.322052 376.325378
gray000019 0.002057 94.784134 262.531036 147.295212 302.462799
gray000019 0.001827 324.686127 358.695374 356.481049 382.293335
gray000019 0.001764 112.790031 276.434387 162.078812 316.010376
gray000019 0.001717 192.129837 338.540192 202.376816 345.104645
gray000019 0.001514 349.895782 351.301910 364.836823 379.113068
gray000019 0.001485 143.236130 281.187042 155.138321 288.565765
gray000019 0.001483 121.338455 280.444183 129.863739 288.747101
gray000019 0.001293 116.372299 266.559265 148.063095 288.120422
gray000019 0.001287 112.011368 264.801453 123.688751 273.753601
gray000019 0.001265 113.017296 281.478973 123.112068 288.768341
gray000019 0.001232 372.642273 354.311005 387.611877 363.428314
gray000019 0.001189 79.891655 285.677368 134.780685 335.680969
gray000019 0.001176 127.097115 273.458954 137.874741 281.462189
gray000019 0.001090 151.009979 281.043091 163.686890 288.349243
gray000019 0.001090 360.868347 354.287476 371.803650 362.052917
gray000020 0.282198 123.866524 254.614456 172.353943 330.444061
gray000020 0.008139 125.601906 274.193237 170.786560 309.946472
gray000021 0.371627 342.724243 313.530701 372.220093 340.227905
gray000021 0.149094 349.987518 308.498291 365.672150 351.502869
gray000021 0.001349 16.827477 211.688065 266.165497 395.354065
gray000022 0.334016 306.162720 289.818024 339.308960 316.082184
gray000022 0.146138 298.566437 277.765503 350.338226 322.444824
gray000022 0.002098 349.595856 304.370758 360.882172 314.145477
gray000022 0.001596 303.590088 286.230072 320.213257 317.330292
gray000022 0.001379 43.927380 197.009338 121.273376 342.190918
gray000022 0.001293 312.693146 252.097855 339.129425 321.856903
gray000022 0.001122 308.893311 293.215881 328.492737 310.864197
gray000023 0.460758 312.416168 270.564880 337.233673 296.436584
gray000023 0.102022 323.166565 266.262268 338.468872 301.767029
gray000023 0.068365 318.772552 274.448486 332.259796 295.047791
gray000023 0.035138 324.233551 278.042633 337.924225 292.086212
gray000023 0.013060 332.363770 266.934448 344.715027 303.175903
gray000023 0.007675 324.683899 272.018677 352.349304 299.107361
gray000023 0.005071 132.874847 300.038116 165.974213 317.562103
gray000023 0.003485 333.209015 285.220032 344.398285 298.026611
gray000023 0.002736 149.477081 306.054626 164.195557 313.501343
gray000023 0.001644 86.722946 155.204987 195.144302 269.460999
gray000023 0.001523 312.191498 270.768768 327.579193 288.004669
gray000023 0.001358 327.395844 284.004242 336.337433 297.500519
gray000023 0.001325 316.881378 268.947571 345.124237 313.329895
gray000024 0.359843 272.728638 263.189728 384.108826 351.810883
gray000024 0.133994 279.725555 282.108612 351.124664 340.929535
gray000024 0.010261 75.848129 291.383179 132.288284 333.915771
gray000024 0.004826 248.001984 231.842529 408.776093 378.120300
gray000024 0.004168 20.131622 205.719620 151.087433 330.514343
gray000024 0.003341 60.052284 213.004272 118.915794 254.095123
gray000024 0.002909 72.505898 296.342896 112.656929 321.975891
gray000024 0.002814 284.296875 287.693481 316.237000 337.201904
gray000024 0.002753 73.683945 259.666748 134.548691 305.411682
gray000024 0.002738 87.891319 263.257874 118.784996 328.634827
gray000024 0.002386 225.729996 161.753998 379.976135 336.853607
gray000024 0.002314 80.254562 197.852798 130.348190 238.764267
gray000024 0.001884 74.767166 226.771820 133.761505 271.641113
gray000024 0.001778 78.962936 279.935822 120.800659 305.247467
gray000024 0.001777 71.036476 269.273926 136.798157 352.865723
gray000024 0.001532 83.153503 274.649475 150.957458 321.478577
gray000024 0.001520 92.208504 171.607162 123.941566 191.260910
gray000024 0.001324 86.469284 240.430374 153.042450 292.604370
gray000024 0.001145 101.812035 194.583984 170.446472 238.394989
gray000024 0.001133 81.222183 303.866455 118.427704 330.149780
gray000024 0.001034 82.361633 210.207901 156.730957 255.402847
gray000024 0.001008 76.355736 169.429642 133.092682 200.434067
gray000024 0.001006 77.918541 278.717499 106.896675 342.461884
gray000025 0.041830 400.170074 318.267883 410.044098 333.213074
gray000025 0.035704 401.700653 326.355988 409.848358 336.204193
gray000025 0.014789 397.297485 313.806824 414.088440 337.078430
gray000025 0.008709 401.748291 312.721283 408.057007 321.995026
gray000025 0.008138 322.063995 344.488342 327.364899 355.283752
gray000025 0.007649 198.892975 170.596222 335.737946 241.555420
gray000025 0.005544 407.502594 326.617371 415.454742 335.966492
gray000025 0.004755 177.232697 314.121124 183.482849 334.446136
gray000025 0.003990 347.026886 393.756134 381.836273 415.559967
gray000025 0.003842 97.591248 374.642242 145.745285 417.270172
gray000025 0.003674 395.246277 313.613586 402.095215 321.564514
gray000025 0.003486 395.119629 318.475739 403.925659 333.364899
gray000025 0.003459 179.614853 324.271759 186.618057 340.331085
gray000025 0.003311 183.636887 328.630524 189.360184 338.391327
gray000025 0.003265 358.173584 398.594452 371.442261 413.335602
gray000025 0.003106 89.047287 176.485916 96.435913 182.905960
gray000025 0.002669 415.336182 325.086853 425.347595 337.856506
gray000025 0.002131 211.535950 176.560242 285.542145 225.375122
gray000025 0.001867 402.011505 314.134094 422.964569 338.145630
gray000025 0.001859 388.211517 253.187637 422.297516 280.225830
gray000025 0.001757 218.860092 163.790558 277.229370 208.774231
gray000025 0.001621 323.243256 349.821991 329.623260 359.066681
gray000025 0.001563 352.966003 402.145538 364.669250 409.655121
gray000025 0.001524 380.313629 238.960709 433.343536 288.941345
gray000025 0.001448 299.920471 208.697144 332.114258 231.556458
gray000025 0.001408 414.412384 321.554077 426.490631 330.322083
gray000025 0.001368 406.064240 320.086578 418.321930 330.414337
gray000025 0.001336 314.541382 151.917603 379.016968 218.166901
gray000025 0.001224 399.650482 259.369354 410.748444 274.868866
gray000025 0.001185 394.627075 325.993988 404.792847 336.642853
gray000025 0.001134 399.987061 255.656601 410.841736 267.488068
gray000025 0.001103 409.176117 318.354492 431.856903 346.136597
gray000025 0.001072 407.037476 256.054352 415.880554 265.355988
gray000025 0.001013 222.380035 191.806427 235.481781 201.647736
gray000026 0.573976 100.196259 267.019806 174.606476 323.796295
gray000026 0.011363 413.449646 304.948364 426.465698 316.230042
gray000026 0.009280 412.754852 297.487976 426.779266 322.341187
gray000026 0.004832 79.746590 243.894302 198.895508 330.535736
gray000026 0.004382 107.432678 277.274963 157.877472 309.682800
gray000026 0.002078 334.800507 270.659332 347.033173 281.590179
gray000026 0.002071 139.575439 271.328766 174.256348 299.199921
gray000026 0.001970 106.356949 288.581238 141.597549 326.230713
gray000026 0.001342 408.375916 302.627899 432.399475 326.936493
gray000026 0.001326 366.902191 261.090393 407.621063 280.441833
gray000026 0.001316 133.507477 255.648376 167.445374 317.642395
gray000026 0.001314 407.178711 294.967316 422.610168 324.747589
gray000027 0.164493 197.955521 226.682770 258.132202 276.456360
gray000027 0.030981 193.276810 220.565277 246.875565 334.018402
gray000027 0.025493 203.123657 222.923447 237.595184 301.412964
gray000027 0.015991 251.511154 261.148590 310.970612 299.908844
gray000027 0.009277 201.366058 236.165314 240.410950 269.533661
gray000027 0.006862 171.124802 190.122925 252.482986 311.780182
gray000027 0.006793 218.759171 201.949432 315.198547 339.322723
gray000027 0.006410 267.277252 251.552780 297.184235 306.344086
gray000027 0.006408 186.686249 254.953369 253.276245 302.650208
gray000027 0.005057 276.685059 255.673233 307.001160 281.476685
gray000027 0.004749 248.629913 274.924469 310.231659 316.161469
gray000027 0.004451 214.800323 266.195160 248.117767 321.849945
gray000027 0.003836 263.911163 246.364655 322.215302 290.795807
gray000027 0.002139 199.913330 262.877380 241.418518 291.524963
gray000027 0.001997 212.725479 231.546768 277.127869 324.393646
gray000027 0.001938 211.433746 233.157715 229.601227 271.831360
gray000027 0.001515 248.631592 249.892715 312.762756 340.722076
gray000027 0.001306 208.097488 248.603638 246.344925 287.917236
gray000027 0.001268 256.698181 274.730499 265.013855 281.941132
gray000027 0.001055 187.944046 232.328354 224.519455 293.138031
gray000028 0.116875 193.582764 263.525665 239.513397 363.484039
gray000028 0.028028 160.570236 242.441696 270.067657 363.074219
gray000028 0.025142 191.774582 279.693726 233.308060 307.142700
gray000028 0.021114 193.994736 318.079773 268.303284 368.036682
gray000028 0.017743 210.556580 293.833862 250.360413 362.063110
gray000028 0.015812 188.152008 271.157562 223.031128 324.251801
gray000028 0.013580 280.513092 304.327332 314.562408 357.822632
gray000028 0.013567 187.674774 261.725311 248.012604 308.263336
gray000028 0.012239 261.615021 318.658325 324.844818 366.276428
gray000028 0.007014 188.593048 254.489304 296.482300 402.169312
gray000028 0.005627 297.407928 304.719574 323.986298 352.764130
gray000028 0.004503 197.614502 283.479492 261.820404 345.410706
gray000028 0.003793 284.790955 235.046616 342.665955 299.335205
gray000028 0.003278 199.209137 317.643829 242.696655 347.815887
gray000028 0.002879 195.671570 285.109039 214.584808 316.252533
gray000028 0.002763 250.441437 294.161285 311.228912 395.487396
gray000028 0.002686 212.965912 261.493195 244.303070 333.670502
gray000028 0.002590 224.010864 321.249664 305.579773 368.344635
gray000028 0.002427 283.522461 313.915070 318.928711 338.731171
gray000028 0.002237 250.501877 337.207977 308.741364 383.541168
gray000028 0.002089 178.188568 281.723358 234.495605 339.892120
gray000028 0.001869 210.641083 279.525543 279.168274 381.122894
gray000028 0.001807 268.505066 366.807343 299.605957 392.649445
gray000028 0.001702 227.060059 304.444519 262.598602 354.007507
gray000028 0.001665 132.756012 258.289337 237.221924 344.149139
gray000028 0.001593 260.188263 362.226349 292.711151 387.153168
gray000028 0.001562 203.044174 246.762390 259.269836 288.612671
gray000028 0.001334 292.643066 317.587067 311.239929 348.019989
gray000028 0.001326 249.487503 322.912109 279.674286 363.657959
gray000028 0.001278 273.876099 321.388550 313.550537 345.142456
gray000028 0.001268 265.847656 305.747467 299.977722 355.102570
gray000028 0.001264 210.622772 278.472229 230.097168 306.571167
gray000028 0.001190 191.383362 287.597351 205.727173 315.872375
gray000028 0.001176 285.799652 263.422485 334.806488 367.367004
gray000028 0.001130 299.886658 266.883362 323.442932 325.298035
gray000028 0.001117 298.234619 251.079437 328.136780 306.748444
gray000029 0.438363 289.199493 264.412659 329.213104 290.235413
gray000029 0.131534 296.199036 251.842255 324.519287 301.227264
gray000029 0.040094 187.359421 210.203659 215.971695 261.105652
gray000029 0.021445 189.103928 223.724594 206.090378 252.025009
gray000029 0.018091 195.683090 220.768021 212.411423 253.582596
gray000029 0.016885 125.230309 216.752991 226.988464 309.803955
gray000029 0.012643 191.324173 229.321655 203.775467 245.457245
gray000029 0.009794 306.170959 261.717834 323.290344 294.591187
gray000029 0.008232 191.187515 235.505737 203.314926 251.688599
gray000029 0.006201 183.433517 230.585464 212.538193 257.287354
gray000029 0.006025 196.718384 232.607391 211.265533 242.334747
gray000029 0.005800 161.250183 231.760529 171.336182 239.287476
gray000029 0.005737 176.071976 223.096588 223.987869 269.876221
gray000029 0.005594 113.460915 241.418350 191.659454 287.823914
gray000029 0.003700 271.971741 206.296783 346.114563 329.868134
gray000029 0.003323 160.975891 227.373611 168.818970 234.887070
gray000029 0.002892 137.352798 226.896912 196.618881 272.505371
gray000029 0.002140 204.742340 232.476440 219.978516 241.711609
gray000029 0.001852 202.964035 225.154388 218.961014 248.803436
gray000029 0.001777 197.466797 230.784912 223.658783 257.913788
gray000029 0.001729 196.410507 237.580582 211.230667 250.984726
gray000029 0.001469 284.551270 249.054993 338.432739 307.838074
gray000029 0.001333 166.939194 232.253632 176.982651 239.771362
gray000029 0.001211 304.854218 268.992035 338.882111 297.202728
gray000029 0.001163 223.605042 230.568054 329.786133 312.193909
gray000029 0.001074 300.310150 270.049805 319.049530 285.355225
gray000029 0.001044 194.311493 235.363464 215.359436 267.835571
gray000029 0.001006 97.728302 170.204865 249.546356 313.082642
gray000029 0.001003 151.764481 223.845123 178.540451 250.526154
gray000030 0.300281 93.192764 208.933914 216.317368 322.880493
gray000030 0.054380 125.024017 216.478439 181.755768 335.474548
gray000030 0.014730 340.108643 220.021774 412.290527 271.165955
gray000030 0.013785 118.151016 236.263245 191.755722 296.807068
gray000030 0.010857 85.109528 153.476624 252.066406 354.919495
gray000030 0.010449 352.417084 229.604950 393.783783 258.613373
gray000030 0.002864 137.089050 227.672272 171.376617 304.107635
gray000030 0.001083 327.038605 222.841293 457.473602 320.328583
gray000031 0.688429 162.908188 325.303802 195.352646 354.313263
gray000031 0.079434 385.898315 294.643402 395.374939 308.803864
gray000031 0.046095 390.978058 294.958618 400.458282 306.914795
gray000031 0.045072 144.261520 319.291229 205.853470 359.955170
gray000031 0.028215 381.510468 289.987854 400.348907 312.728210
gray000031 0.008989 391.287170 300.234314 400.679993 315.142944
gray000031 0.008796 392.855469 290.754944 399.552063 300.390625
gray000031 0.005904 386.737610 299.689240 395.358643 315.652069
gray000031 0.004090 385.653717 288.715118 396.002106 300.204071
gray000031 0.003297 386.645721 291.700928 405.568085 323.930359
gray000031 0.002062 179.095230 316.152039 192.116562 362.395081
gray000032 0.285974 157.720963 244.137787 187.979111 274.151215
gray000032 0.206613 177.079391 298.186127 200.217453 322.159637
gray000032 0.113939 144.258469 232.943100 198.927963 286.475281
gray000032 0.011731 187.699280 299.636017 201.651062 330.371368
gray000032 0.009456 188.185959 309.276794 201.487930 321.906128
gray000032 0.004931 183.160751 307.810486 196.608322 322.255066
gray000032 0.002158 170.798676 236.134308 186.106232 273.732178
gray000032 0.001338 168.093781 289.177521 204.318390 329.694000
gray000032 0.001124 176.068497 300.502441 190.270401 317.214050
gray000033 0.052000 207.341904 206.594284 214.382034 216.344955
gray000033 0.009263 200.594788 312.658997 208.405396 320.457458
gray000033 0.008933 287.938171 316.909637 298.494812 329.327362
gray000033 0.007457 290.099335 312.579407 297.309662 324.100708
gray000033 0.005997 158.431305 272.835541 169.671692 280.599701
gray000033 0.005720 153.307480 272.743011 159.816422 281.069000
gray000033 0.005148 135.642975 272.496643 146.872650 281.199036
gray000033 0.004859 111.404579 267.918060 162.119781 329.145172
gray000033 0.004236 135.630539 265.332489 146.157333 273.627899
gray000033 0.002718 121.033272 311.994293 130.146301 321.298920
gray000033 0.002576 203.158447 204.089767 218.565887 220.835342
gray000033 0.002499 129.074829 240.583420 136.940979 250.030319
gray000033 0.002456 94.853729 276.947021 152.440964 317.967773
gray000033 0.002402 184.002914 329.074829 193.764359 336.823730
gray000033 0.002386 144.034195 272.428925 152.894211 280.343658
gray000033 0.002328 244.174438 122.778503 360.803894 235.737213
gray000033 0.002231 129.615616 233.939453 137.014389 242.128845
gray000033 0.002136 129.892670 263.937256 151.692078 289.855103
gray000033 0.001993 196.308823 312.309143 200.306778 322.461487
gray000033 0.001844 127.692711 256.761414 138.455933 265.076355
gray000033 0.001569 133.302185 256.509277 148.404327 281.630615
gray000033 0.001535 320.791443 223.964508 328.569519 231.246704
gray000033 0.001503 127.149887 311.812988 139.061386 320.063904
gray000033 0.001464 154.829086 264.419495 173.803482 290.622437
gray000033 0.001422 192.794586 327.882660 199.370239 337.934052
gray000033 0.001352 188.963608 248.321152 202.850418 257.182617
gray000033 0.001299 193.360687 319.948608 200.883057 328.789062
gray000033 0.001216 142.976517 265.484589 152.310043 274.685699
gray000033 0.001204 184.061920 335.993866 192.970062 344.059418
gray000033 0.001177 119.322243 285.054718 182.571838 336.957184
gray000033 0.001172 129.151169 250.346954 136.605942 257.614166
gray000033 0.001111 287.511475 311.175018 299.815613 336.350616
gray000033 0.001082 197.981964 318.883911 209.078278 326.781799
gray000033 0.001014 279.938629 312.587402 292.174103 322.313110
gray000034 0.145671 92.131950 225.113968 195.302429 308.564270
gray000034 0.107417 116.286316 233.537476 182.252899 289.403748
gray000034 0.005178 140.995758 245.311981 170.992828 275.299652
gray000034 0.003154 400.922516 208.834183 422.317963 232.895401
gray000034 0.002178 65.009911 211.223953 224.481873 341.326233
gray000034 0.001341 125.163322 221.636871 157.892410 282.898743
gray000034 0.001053 90.366524 181.435867 334.252380 416.485107
gray000035 0.406013 127.486290 223.062454 229.381317 309.843811
gray000035 0.046197 133.649689 250.144592 207.390503 301.143982
gray000035 0.021827 155.937119 234.014191 187.599869 301.663605
gray000035 0.002273 85.686981 201.588684 250.035309 352.841492
gray000035 0.001692 278.008087 168.194183 290.023834 177.977539
gray000035 0.001036 276.861969 160.457581 293.228363 186.154633
gray000036 0.810488 135.397827 243.635071 147.656128 257.875061
gray000036 0.021796 132.444229 239.922531 150.631851 263.731384
gray000036 0.008873 139.602844 245.679321 151.400208 256.581146
gray000036 0.008737 131.344543 242.504974 141.952789 252.727997
gray000036 0.003163 132.647919 244.671066 140.906464 258.883728
gray000036 0.001479 136.288223 230.253281 166.033676 267.594574
gray000037 0.452215 149.132294 332.492920 210.780975 388.065002
gray000037 0.058009 156.280609 334.582672 188.299164 381.965363
gray000037 0.055747 332.284821 308.508026 335.331879 313.213287
gray000037 0.012079 169.202148 241.407318 175.706665 247.282867
gray000037 0.011829 148.745224 315.964020 251.722397 402.855011
gray000037 0.007720 143.948853 300.444366 202.288055 419.033173
gray000037 0.007158 163.232727 242.281769 168.499939 250.122742
gray000037 0.006421 312.346619 337.440918 321.078430 344.725891
gray000037 0.004566 162.543304 347.101257 182.690002 378.555298
gray000037 0.002618 328.742859 273.608185 337.751648 280.776276
gray000037 0.002353 161.516693 247.801300 168.037354 254.680328
gray000037 0.002029 334.875336 304.647491 342.163483 311.644012
gray000037 0.001763 176.085007 239.978775 183.323807 249.151230
gray000037 0.001230 314.469330 342.767303 318.794464 352.183563
gray000037 0.001203 320.595947 272.115936 329.801392 282.004242
gray000037 0.001106 157.363220 340.736725 176.107300 375.662994
gray000037 0.001092 206.985275 243.115738 220.007401 260.078766
gray000038 0.365516 305.055878 290.071594 409.050690 371.212769
gray000038 0.114513 319.615417 314.315460 393.106873 365.891083
gray000038 0.010494 338.800537 304.913544 376.638794 375.305939
gray000039 0.052300 68.867638 195.464523 141.337280 241.461624
gray000039 0.023601 292.285675 254.091278 323.278717 283.873322
gray000039 0.020589 270.650055 247.972961 320.126923 286.957825
gray000039 0.018449 88.259270 195.567154 120.914116 242.530869
gray000039 0.015272 151.608475 273.435089 161.146164 280.093658
gray000039 0.012881 96.240219 332.542938 104.031448 338.790741
gray000039 0.010836 257.075104 208.529617 264.577789 216.390213
gray000039 0.009286 308.696747 270.555389 321.966766 283.106476
gray000039 0.007335 104.238350 192.887466 134.900558 241.621872
gray000039 0.006160 301.694611 270.261383 316.213776 281.364838
gray000039 0.004928 278.095459 270.964355 292.753540 280.503601
gray000039 0.004554 88.422699 340.850739 119.125107 382.391083
gray000039 0.004534 74.265160 334.308838 132.611908 392.025208
gray000039 0.004142 306.068634 263.142975 325.478973 289.775604
gray000039 0.003247 52.337631 303.968231 170.149399 374.501801
gray000039 0.003110 294.038788 258.935974 310.627594 279.297913
gray000039 0.003084 295.889801 270.183868 307.569244 280.862885
gray000039 0.002983 135.628113 271.675262 146.030182 279.034515
gray000039 0.002841 265.184235 258.422455 302.836395 281.938812
gray000039 0.002693 256.714417 202.949539 263.393921 210.313309
gray000039 0.002609 88.771080 235.622177 97.766518 240.607712
gray000039 0.002573 273.184296 271.104950 285.662384 280.499908
gray000039 0.002454 138.708954 308.369812 144.707764 312.749817
gray000039 0.002297 98.330383 197.879593 168.810852 238.477829
gray000039 0.002202 296.475891 264.811951 307.532471 275.520325
gray000039 0.002100 143.509720 273.932159 154.863571 278.885101
gray000039 0.001971 252.604141 200.052444 268.964661 227.277328
gray000039 0.001951 75.741699 199.626434 112.069092 227.143341
gray000039 0.001681 278.492462 266.352661 290.794281 276.421204
gray000039 0.001653 151.118973 303.535065 160.901443 315.957184
gray000039 0.001570 143.355194 306.808899 152.114685 313.043823
gray000039 0.001553 302.970276 262.827240 313.467163 278.007721
gray000039 0.001426 273.034637 264.655823 283.270782 276.812866
gray000039 0.001410 162.736069 313.221680 168.778458 317.795044
gray000039 0.001243 43.233696 319.462006 135.725739 408.785858
gray000039 0.001218 209.352951 242.712006 215.820999 248.441864
gray000039 0.001143 275.247864 259.905548 294.331116 280.459991
gray000039 0.001110 159.556961 273.002228 167.977310 279.481720
gray000040 0.734441 138.751953 219.832413 154.864410 252.644699
gray000040 0.169164 132.650696 210.536591 160.738342 262.381256
gray000040 0.001498 241.295792 167.880127 253.356308 177.734497
gray000040 0.001246 147.137314 210.727280 159.476242 262.307159
gray000040 0.001090 141.608566 232.001221 151.638382 251.886108
gray000041 0.320600 155.308044 252.546967 219.854248 305.334869
gray000041 0.085419 170.796753 245.900635 202.966034 312.399780
gray000041 0.004916 158.969162 259.492371 202.632217 293.990723
gray000041 0.003839 157.307983 224.861191 237.671478 331.739349
gray000041 0.002629 357.772491 252.719772 383.730316 270.803070
gray000041 0.001763 180.853394 241.583786 216.836761 298.179688
gray000041 0.001109 386.158875 279.100647 405.448975 306.170166
gray000041 0.001003 373.357269 272.787628 409.391144 315.367950
gray000042 0.407079 129.684479 270.406403 164.608856 298.400543
gray000042 0.008803 117.925713 269.044556 179.068085 312.600708
gray000042 0.006442 133.127747 266.512848 152.380188 293.046295
gray000042 0.004200 332.060333 258.151062 412.022247 337.374512
gray000042 0.003920 338.988953 246.518799 413.258179 286.921204
gray000042 0.002797 139.190689 276.924103 155.957565 293.124725
gray000042 0.001770 310.390015 291.413727 354.283508 309.026886
gray000042 0.001277 325.650269 260.595215 399.349243 298.638672
gray000042 0.001075 125.811569 273.120697 144.370316 297.391449
gray000043 0.130483 167.321762 234.984283 225.174973 290.522980
gray000043 0.039336 160.845718 222.801636 249.986374 314.375916
gray000043 0.005159 175.439529 245.092346 217.980087 277.429626
gray000043 0.002413 334.109222 270.023438 386.197052 320.328552
gray000043 0.001616 188.915146 196.101501 280.800568 358.549133
gray000043 0.001045 330.864502 274.774719 359.543884 315.995667
gray000043 0.001019 337.335999 276.320496 373.434143 294.269165
gray000044 0.262979 181.575394 273.019440 214.741898 300.244354
gray000044 0.200947 172.180389 268.639374 224.627991 314.331451
gray000044 0.023298 19.333878 157.360260 204.643341 336.735992
gray000044 0.019008 194.476532 274.741180 212.163391 306.293793
gray000044 0.007012 344.663086 305.506989 351.896667 311.951263
gray000044 0.002839 20.986904 186.676758 144.319016 292.174652
gray000044 0.001332 45.353855 178.511368 101.599274 226.755264
gray000044 0.001122 190.178314 282.893433 206.055908 299.749023
gray000044 0.001037 223.683609 248.620667 316.882385 361.887817
gray000044 0.001012 59.371918 185.614136 93.581009 207.919617
gray000044 0.001007 138.630493 214.487839 399.195679 400.809998
gray000045 0.657539 84.136269 256.112061 200.587433 335.234619
gray000045 0.013032 108.841156 269.296326 189.268585 318.940247
gray000045 0.008110 107.685753 228.618698 171.712463 341.742706
gray000045 0.003425 133.714066 257.017487 168.425247 333.414520
gray000045 0.001463 68.078484 195.255585 213.135132 375.408234
gray000046 0.124022 21.564278 179.044754 275.943787 314.433167
gray000046 0.028695 69.243553 258.265625 174.254822 336.224304
gray000046 0.016680 74.127502 232.135361 202.651337 315.149719
gray000046 0.002726 81.005280 289.707947 135.281586 333.449280
gray000046 0.002012 88.852516 304.572266 113.297874 327.983887
gray000046 0.001590 93.289070 270.022766 150.904099 326.794678
gray000046 0.001160 175.544525 241.360580 188.982361 249.179642
gray000046 0.001097 101.242065 256.249481 170.178650 311.511139
gray000046 0.001021 38.402061 125.620468 214.183655 379.714539
gray000047 0.180734 269.049896 315.139038 298.107574 372.672180
gray000047 0.041648 133.961884 190.669678 162.448608 216.698334
gray000047 0.016810 119.576126 184.717682 179.162277 221.999603
gray000047 0.015250 276.989105 331.359802 294.666473 364.511963
gray000047 0.011494 165.716187 237.754379 203.169617 288.401062
gray000047 0.009730 259.142944 300.420898 306.880188 385.657471
gray000047 0.004434 276.358917 304.196411 309.840790 360.818542
gray000047 0.002352 261.886230 325.087097 294.628845 358.344666
gray000047 0.001939 175.217606 263.897491 185.611801 275.347443
gray000047 0.001364 171.076263 256.321564 190.157990 281.378998
gray000047 0.001224 127.555450 171.267288 158.854095 236.517380
gray000047 0.001180 263.183807 294.759979 273.042511 304.468658
gray000047 0.001107 272.139221 329.448273 308.796265 355.361298
gray000048 0.053320 324.077820 287.222870 328.916443 297.342926
gray000048 0.018447 188.048264 297.627075 192.655899 305.947815
gray000048 0.005631 187.131027 291.027222 193.964035 295.958557
gray000048 0.005302 178.455399 306.240173 182.590408 311.396545
gray000048 0.004960 184.890167 304.408203 191.639008 311.875488
gray000048 0.004784 316.880615 289.307892 322.246338 296.128571
gray000048 0.003774 328.220764 286.688812 335.267761 296.981842
gray000048 0.003497 194.970337 291.133881 199.140106 295.929413
gray000048 0.002541 179.411499 297.850891 185.844116 303.482666
gray000048 0.002360 193.031448 295.566254 200.853775 302.713043
gray000048 0.001887 196.399750 285.327850 200.744049 288.884430
gray000048 0.001883 202.239090 289.530792 208.831192 296.271881
gray000048 0.001691 169.616058 294.607849 178.259277 306.349854
gray000048 0.001393 211.384399 290.826447 216.021271 295.485138
gray000048 0.001188 187.373779 282.611023 194.564514 287.633667
gray000048 0.001169 285.692932 290.474548 311.830566 340.108459
gray000048 0.001039 178.601959 290.645447 187.015656 294.571899
gray000049 0.280697 157.241364 266.273376 208.159027 318.710144
gray000049 0.102611 162.791428 270.177490 198.675613 302.031677
gray000049 0.010008 166.720108 269.930206 182.839340 300.785370
gray000049 0.008112 136.956146 251.387772 217.729309 335.906219
gray000049 0.006259 174.140854 291.871033 203.161636 321.095947
gray000049 0.002325 299.854767 274.469360 330.300629 296.793213
gray000049 0.002254 170.747849 251.818314 305.132263 348.008606
gray000049 0.001780 255.749603 362.692139 299.031403 382.879089
gray000049 0.001533 177.644302 276.447479 196.564499 309.163788
gray000049 0.001025 308.316284 278.456299 323.214844 291.815735
gray000050 0.372280 64.265686 253.083710 121.803253 289.180573
gray000050 0.086968 76.629196 255.535751 107.333344 283.558411
gray000050 0.016913 51.488319 248.086365 156.952545 296.403809
gray000050 0.006262 425.300232 344.526917 434.080261 352.523499
gray000050 0.004670 53.908447 218.145294 128.107849 319.077850
gray000050 0.001963 61.247402 261.744263 96.946899 290.282776
gray000050 0.001870 420.042450 338.622406 437.722260 360.040985
gray000050 0.001285 417.818268 345.295319 427.151276 351.068573
gray000050 0.001149 90.311897 251.154572 123.196358 283.606842
gray000050 0.001035 425.742950 337.590637 434.247711 345.448181
gray000051 0.234260 330.409912 284.156067 388.163696 332.904785
gray000051 0.145601 23.438293 194.230270 191.602249 353.938477
gray000051 0.024463 321.384521 258.758209 407.053345 356.645233
gray000051 0.007059 152.399734 261.959015 182.572678 309.438263
gray000051 0.004766 36.725971 193.680267 138.468918 300.869293
gray000051 0.002662 347.410431 286.303772 366.655365 316.284729
gray000051 0.002320 142.747925 260.899017 170.823059 304.568695
gray000051 0.001702 355.217407 286.479919 372.582642 316.779663
gray000051 0.001425 347.311981 287.643768 393.874115 315.068024
gray000051 0.001363 90.276855 275.785248 150.474136 318.709015
gray000051 0.001080 50.032501 219.989365 129.994812 275.075439
gray000051 0.001044 88.053329 261.178253 153.607269 302.360260
gray000052 0.466138 116.787666 191.898056 175.969788 237.504227
gray000052 0.363766 122.053589 200.966736 160.713440 227.194763
gray000052 0.003240 128.767059 178.692917 203.769501 248.692886
gray000052 0.003122 137.559830 197.864029 155.966232 229.576370
gray000053 0.144068 193.078903 144.017502 306.554291 253.296768
gray000053 0.023708 210.408539 157.107162 288.070374 213.929306
gray000053 0.005272 196.977615 204.178116 210.298752 219.806808
gray000053 0.003340 207.851318 226.385696 216.706512 231.607559
gray000053 0.003085 192.930084 208.104736 202.012848 217.570251
gray000053 0.002244 194.145477 198.078705 215.433899 225.810944
gray000053 0.002020 265.128296 197.439056 330.958740 238.901184
gray000053 0.001885 177.107742 215.112274 187.159164 224.565430
gray000053 0.001804 234.753677 178.470657 318.298676 283.584991
gray000053 0.001745 197.730927 153.716797 342.046906 313.900940
gray000053 0.001356 198.351852 202.036972 211.462601 211.471695
gray000053 0.001264 229.929733 150.026489 267.404572 221.385956
gray000053 0.001247 196.765015 192.529968 226.767303 219.435913
gray000054 0.282144 120.673698 233.972382 180.112976 293.875763
gray000054 0.097897 87.713593 223.038254 198.876740 310.025360
gray000054 0.004453 303.599121 149.807236 425.002258 261.322449
gray000054 0.004113 138.990341 249.606781 173.605484 288.289093
gray000054 0.002749 96.122017 118.693573 325.526489 479.689240
gray000054 0.001671 256.258026 196.288147 265.448395 201.980042
gray000055 0.340789 150.299515 228.598450 153.714523 233.686157
gray000055 0.258775 152.251465 231.631821 157.086090 236.884109
gray000055 0.220053 153.463318 229.069321 157.109802 233.749710
gray000055 0.157998 149.931885 232.077713 154.322418 237.232407
gray000055 0.005815 210.824631 258.637177 215.281845 264.573517
gray000055 0.003841 289.885651 223.938507 296.062897 231.726532
gray000055 0.003314 193.326889 256.574371 202.797867 263.846771
gray000055 0.002907 201.657837 248.922699 207.361725 257.313110
gray000055 0.002323 215.760956 251.049255 224.384155 257.717224
gray000055 0.002115 200.449127 256.020233 208.289673 264.253998
gray000055 0.001937 148.187958 226.780457 161.965942 245.029572
gray000055 0.001346 155.198090 220.351669 160.309357 227.649673
gray000055 0.001313 209.927856 250.361298 217.183502 257.596375
gray000055 0.001303 194.719193 244.140625 200.659073 247.959534
gray000055 0.001255 195.113968 249.432068 201.559189 257.364319
gray000055 0.001248 250.116165 160.920273 274.186646 204.768631
gray000055 0.001188 120.336655 238.006012 226.308060 309.702057
gray000056 0.104488 68.160088 252.673859 117.197884 284.713654
gray000056 0.025756 69.366096 261.054047 101.322639 289.520477
gray000056 0.008831 82.634705 256.898193 101.612244 282.190063
gray000056 0.006004 393.664551 178.895279 400.015564 184.001358
gray000056 0.004308 75.721191 246.885498 106.509140 302.375000
gray000056 0.002318 283.809906 288.443420 314.055878 337.556030
gray000056 0.002317 308.690155 292.170959 342.912811 309.381897
gray000056 0.001664 91.373848 257.238495 106.702431 279.302216
gray000056 0.001446 388.554565 178.583908 394.193909 185.087112
gray000057 0.472548 249.880508 216.722931 312.459747 255.566681
gray000057 0.014699 263.849091 208.431122 298.691803 264.135254
gray000057 0.006596 279.341858 213.708405 307.953064 274.723785
gray000057 0.006130 281.698486 219.671555 315.728149 253.013016
gray000057 0.006063 246.480591 203.799164 318.775513 291.193512
gray000057 0.005870 194.669159 303.196686 202.923065 312.720367
gray000057 0.004123 249.500702 209.974533 286.577362 249.017715
gray000057 0.003741 220.584900 219.567978 334.953369 269.960938
gray000057 0.001721 247.422653 216.424484 275.715637 241.978928
gray000057 0.001613 285.147980 220.185776 300.426971 251.311600
gray000057 0.001049 244.154633 206.985184 321.014557 240.582016
gray000058 0.687269 166.894974 224.317123 194.591934 277.696442
gray000058 0.053091 157.210464 209.583252 204.401871 295.627075
gray000058 0.026215 178.967667 240.273163 194.793228 278.013031
gray000058 0.005483 170.640976 238.942474 201.358505 269.289398
gray000058 0.001731 171.769470 228.557999 189.303955 265.008148
gray000059 0.533284 127.198120 262.645355 220.975220 332.772369
gray000059 0.014647 152.738190 264.523102 191.174377 336.074371
gray000059 0.006586 151.332230 291.297180 194.685013 324.717407
gray000060 0.275863 101.746323 227.244354 161.474197 279.163208
gray000060 0.084531 112.248337 238.218506 151.288864 267.570496
gray000060 0.016122 93.180672 202.708206 155.108902 303.278259
gray000060 0.006590 123.710785 234.463165 140.014160 270.175323
gray000060 0.006520 117.426422 235.749054 133.818680 269.623474
gray000060 0.002719 98.943726 243.228882 137.772522 276.818298
gray000061 0.252994 230.117249 299.725555 292.578857 383.693390
gray000061 0.007637 249.590286 298.830261 281.403595 367.882690
gray000061 0.005436 260.406830 312.936462 291.384552 371.223633
gray000061 0.001947 234.938873 296.168671 269.780701 368.743683
gray000062 0.517400 108.742943 292.428070 136.821945 322.164764
gray000062 0.059684 94.053711 287.621002 147.531326 329.116608
gray000062 0.007261 111.986374 299.755341 126.794525 316.428680
gray000062 0.002178 393.304199 279.645996 402.869568 288.264526
gray000062 0.001781 396.889679 281.215698 409.695526 288.965881
gray000062 0.001134 377.258667 321.196808 384.767883 329.654816
gray000063 0.378925 318.796356 271.805634 345.196198 300.608368
gray000063 0.058398 309.384033 259.288177 355.126526 307.786957
gray000063 0.009606 324.206177 282.265167 339.652588 299.143524
gray000063 0.007405 320.537598 276.545746 334.671265 294.672943
gray000063 0.004997 335.727478 223.470261 349.384094 231.911392
gray000063 0.001093 261.089752 177.384430 272.756012 186.381042
gray000064 0.511400 331.437408 153.927628 432.926239 259.783813
gray000064 0.068903 363.159058 172.747116 414.774048 252.446823
gray000064 0.031973 345.286774 178.246780 440.214874 232.118820
gray000064 0.001307 1.000000 144.927628 106.659279 260.317993
gray000065 0.142247 146.891785 288.396637 162.276794 302.203094
gray000065 0.099481 140.923462 285.366150 168.782501 305.308228
gray000065 0.001075 1.000000 199.677307 11.665168 242.039978
gray000066 0.296842 218.390671 263.441711 249.388596 326.991516
gray000066 0.032457 219.621323 277.959625 250.887039 305.997162
gray000066 0.014240 207.515778 269.975281 238.881866 320.798706
gray000066 0.012757 216.723038 248.059204 271.656067 349.411682
gray000066 0.012441 206.796036 277.417084 223.785202 309.449249
gray000066 0.007416 269.656464 336.235138 300.004730 359.519135
gray000066 0.007407 228.750443 274.538330 243.786545 309.064758
gray000066 0.004538 207.633957 285.995636 220.548050 300.872040
gray000066 0.002892 224.819229 182.290344 316.362732 238.357452
gray000066 0.002662 228.844574 257.159943 259.147705 315.843781
gray000066 0.002579 203.529327 281.484253 263.518555 335.322632
gray000066 0.001765 302.677429 303.468018 328.747986 330.745056
gray000066 0.001678 296.332214 281.782501 330.164978 348.341583
gray000066 0.001588 212.937805 284.973175 229.265076 301.482941
gray000066 0.001271 220.652023 157.566711 275.248138 248.146912
gray000066 0.001113 245.077225 208.200699 261.974426 232.912521
gray000066 0.001073 199.986298 284.962646 229.043854 313.479309
gray000067 0.291866 203.336884 346.824066 228.334717 371.600189
gray000067 0.009169 208.836517 355.434021 230.052795 368.536560
gray000067 0.005067 196.506866 341.845520 235.485626 381.077759
gray000067 0.004410 323.481964 380.034302 327.432831 383.888733
gray000067 0.002327 354.968567 371.363342 360.756287 374.907959
gray000067 0.001698 335.241241 309.019806 389.443329 350.261871
gray000068 0.129879 22.510117 139.900757 264.952209 294.480408
gray000068 0.123792 41.487503 165.045990 174.071960 261.085632
gray000068 0.055470 133.655914 147.257782 203.588654 290.455994
gray000068 0.018730 62.607677 193.849228 143.271011 234.207382
gray000068 0.010844 156.329010 178.909302 182.361176 254.633698
gray000068 0.003263 136.525391 189.337570 203.594330 241.444656
gray000068 0.001636 79.117455 172.815613 216.719452 281.403625
gray000068 0.001458 142.499420 192.394775 170.109009 242.505341
gray000069 0.247158 111.356956 221.148758 166.640656 268.216278
gray000069 0.111854 318.319672 256.555908 346.858917 306.329651
gray000069 0.021854 324.100433 259.312317 353.634247 282.028564
gray000069 0.012767 130.722366 202.099640 163.289383 274.025391
gray000069 0.012038 133.412231 225.669388 148.428162 262.209991
gray000069 0.011953 122.636032 224.619553 159.620377 253.170120
gray000069 0.010352 192.391495 228.710190 235.362778 248.264145
gray000069 0.009909 110.290138 183.162903 164.807968 288.619293
gray000069 0.004482 331.645447 259.772003 348.089417 290.824066
gray000069 0.002434 323.639679 260.654327 342.546906 292.774628
gray000069 0.002322 139.258026 222.362518 155.056885 266.538116
gray000069 0.001949 266.675842 108.451157 320.653809 128.296188
gray000069 0.001564 330.984283 262.989624 348.376068 277.212097
gray000069 0.001549 274.393372 102.900627 325.121338 141.498459
gray000069 0.001055 204.445221 231.327332 224.286804 256.270416
gray000070 0.855348 355.153076 326.305817 388.131531 354.514191
gray000070 0.012635 337.873627 316.835236 395.505402 361.853119
gray000070 0.002525 99.148621 273.005554 170.854034 320.359802
gray000070 0.002270 204.134979 207.720367 344.959503 412.670746
gray000070 0.002151 67.231018 258.724091 173.951782 348.623077
gray000070 0.001529 135.695129 302.467590 171.695801 356.309204
gray000070 0.001487 91.396042 208.724915 384.516846 451.960571
gray000070 0.001035 85.951851 254.892365 162.682220 308.835724
gray000070 0.001016 358.248322 332.659851 377.411102 347.892273
gray000071 0.003030 183.007492 363.313782 193.103989 369.115662
gray000071 0.002915 176.152618 362.756958 186.615723 367.720032
gray000071 0.002410 162.881058 235.833588 166.343704 239.089722
gray000072 0.492214 145.522415 284.883789 181.896500 316.717468
gray000072 0.041717 135.622742 283.941284 194.062317 329.020447
gray000072 0.009967 317.159637 272.715668 346.701691 324.471283
gray000072 0.008602 316.072754 286.385986 368.182739 333.220764
gray000072 0.006992 324.171722 297.502594 355.163544 319.136078
gray000072 0.003132 136.274124 195.021896 414.710632 422.583374
gray000072 0.002179 390.323303 312.699158 404.268127 322.226135
gray000072 0.002137 397.871277 312.392792 411.381714 320.536591
gray000072 0.002028 208.494217 144.563232 341.623291 410.692017
gray000072 0.001951 157.769882 12.692291 395.583862 512.000000
gray000072 0.001891 161.576950 281.996307 178.655838 321.947357
gray000072 0.001864 376.732239 303.623657 415.065491 330.872192
gray000072 0.001808 313.413025 291.286011 350.871338 313.527100
gray000072 0.001362 332.018250 293.983948 348.208862 322.885498
gray000072 0.001257 136.773682 264.354370 180.176422 354.363037
gray000072 0.001168 149.010284 277.487213 168.730835 313.621429
gray000073 0.160718 213.579407 129.496460 320.411865 240.696075
gray000073 0.117803 237.907242 139.557251 293.599487 231.271667
gray000073 0.010596 322.563446 206.385071 418.504120 284.377014
gray000073 0.006425 327.787659 296.338531 337.325317 306.407623
gray000073 0.005455 194.593903 119.844208 342.064606 353.945343
gray000073 0.005199 316.491913 292.384796 334.187653 324.609772
gray000073 0.004945 217.035431 252.676178 332.647552 340.090607
gray000073 0.004922 321.589355 288.908722 342.142883 315.748260
gray000073 0.004517 252.508560 289.326782 310.653870 335.056641
gray000073 0.003776 318.077606 301.288147 332.266998 313.587280
gray000073 0.003408 218.113266 146.786209 314.422028 198.084000
gray000073 0.001910 326.586792 300.545074 338.582092 312.892120
gray000073 0.001496 176.657990 213.132263 321.339478 326.862488
gray000073 0.001350 259.005066 150.162094 297.666809 219.313004
gray000073 0.001120 273.456024 182.495010 405.836273 301.171661
gray000073 0.001027 266.318909 274.701080 324.064148 326.043060
gray000074 0.020825 375.808380 317.412170 384.428497 328.911438
gray000074 0.016767 375.917755 314.601715 384.551178 323.082794
gray000074 0.012620 351.206909 289.145691 396.205872 333.473816
gray000074 0.012478 370.280090 309.176575 390.106018 327.399109
gray000074 0.004702 370.664978 313.429932 378.757568 324.086365
gray000074 0.003963 369.987396 317.582153 379.477020 331.063965
gray000074 0.003688 359.702759 303.586182 388.158447 331.481628
gray000074 0.001915 365.824646 307.203552 382.965881 339.224487
gray000075 0.398367 300.822296 286.699310 354.529572 369.825775
gray000075 0.009448 322.350739 299.562408 354.600189 359.097137
gray000075 0.003779 289.861359 297.831787 367.891876 341.475586
gray000075 0.002645 308.786804 318.060608 354.482422 346.901550
gray000075 0.001554 303.760315 303.032745 336.265442 352.876862
gray000076 0.570934 145.281067 95.000984 339.533447 276.493103
gray000076 0.040006 172.819809 117.715454 301.948730 234.628876
gray000076 0.021173 73.640778 77.510666 457.979523 232.509140
gray000076 0.005892 204.272583 98.735115 267.589935 301.293884
gray000076 0.004651 227.672272 68.780312 380.177155 163.626953
gray000076 0.003535 171.378571 171.312576 309.534943 284.510010
gray000076 0.001618 211.130341 30.549454 390.496918 215.251129
gray000077 0.012104 107.574646 243.666382 164.027496 289.332031
gray000077 0.006919 220.973526 239.675873 252.285873 268.159149
gray000077 0.005539 53.424244 221.188095 175.436539 327.083282
gray000077 0.004904 86.876999 256.744812 157.512024 303.716064
gray000077 0.003218 216.580109 174.969559 227.993530 185.015427
gray000077 0.002465 80.079147 248.182999 204.287552 354.870941
gray000077 0.002141 69.317535 268.239258 144.308624 323.871582
gray000077 0.002079 126.489365 146.182968 235.416458 213.279099
gray000077 0.001522 91.864868 229.953278 151.716614 270.031830
gray000077 0.001506 101.151970 154.309296 251.210785 388.345978
gray000077 0.001423 85.824905 287.588837 155.490036 337.519012
gray000077 0.001413 105.519798 251.356903 137.186203 307.157196
gray000077 0.001390 118.913101 246.970993 153.473953 309.458466
gray000077 0.001203 199.546936 359.398071 210.882935 368.464966
gray000077 0.001025 412.581970 216.875549 426.902893 226.195190
gray000078 0.214579 327.215515 236.440338 390.898132 298.826080
gray000078 0.155966 305.549774 227.638519 411.943695 314.295197
gray000079 0.240582 100.484406 98.451935 330.707794 258.585419
gray000079 0.067382 157.500702 31.844025 318.148712 335.269592
gray000079 0.016159 208.676117 96.371681 385.419647 310.217499
gray000079 0.010375 258.567566 246.217911 353.873474 353.700012
gray000079 0.008279 96.827682 158.212341 207.023209 253.639709
gray000079 0.008238 94.986671 153.372116 263.230286 318.217041
gray000079 0.004027 126.113678 121.047974 243.303009 242.223480
gray000079 0.003953 188.003326 17.242386 406.897614 457.888733
gray000079 0.003551 243.505798 154.120270 358.687317 378.982086
gray000079 0.002029 179.755615 125.164307 351.143616 221.692657
gray000079 0.001907 264.151093 268.536346 328.660065 326.477631
gray000080 0.403696 340.012878 246.044189 389.022522 338.617981
gray000080 0.001830 111.201256 320.336700 139.906067 369.596466
gray000080 0.001790 334.820007 283.918640 406.712219 332.244751
gray000081 0.604339 134.824478 270.695099 194.123489 318.206207
gray000081 0.017038 345.551575 225.394989 439.250122 323.153534
gray000081 0.007820 351.873932 253.108704 425.336823 304.900940
gray000081 0.006897 120.212120 243.188690 212.828613 329.798187
gray000081 0.004311 137.785828 279.988586 179.843872 306.597229
gray000082 0.368426 141.872070 256.202515 155.232483 266.517944
gray000082 0.085415 272.141846 282.079834 299.449524 307.628296
gray000082 0.060144 139.591339 250.981491 157.113159 271.198792
gray000082 0.017478 260.646912 273.989105 303.329163 317.042572
gray000082 0.014479 136.150223 256.821075 151.208633 264.904327
gray000082 0.012647 149.702316 255.510300 159.178238 264.500061
gray000082 0.002543 278.968872 291.094849 291.964600 307.493835
gray000082 0.002005 130.511658 252.942017 281.625732 410.516724
gray000082 0.001713 142.696732 261.714996 156.063522 271.329803
gray000082 0.001629 144.801834 250.088730 154.239212 261.162476
gray000083 0.251022 121.378525 330.107788 172.330612 380.623779
gray000083 0.007074 112.805885 308.640015 173.257721 404.470886
gray000083 0.003788 120.700500 337.927490 164.645569 364.558472
gray000083 0.001486 131.966492 334.181885 151.819031 378.410828
gray000083 0.001404 137.725647 329.130676 157.911926 371.632385
gray000083 0.001065 289.646362 299.716888 296.915222 307.467377
gray000084 0.668487 138.755005 219.564285 154.965332 254.740402
gray000084 0.226675 132.920959 210.419617 160.416718 264.019806
gray000084 0.009442 130.940048 230.483475 163.392899 252.937759
gray000084 0.005662 136.372070 225.464432 150.310272 249.332016
gray000084 0.002076 321.139648 224.360733 329.745972 236.195053
gray000084 0.001808 146.558899 214.613373 160.088165 261.212708
gray000084 0.001763 140.833038 232.938751 152.910858 251.228851
gray000084 0.001684 242.237534 167.303345 253.425369 176.199188
gray000084 0.001328 126.156601 221.096725 145.513504 253.515244
gray000084 0.001165 138.516602 232.780594 146.875427 251.686813
gray000085 0.533284 127.198120 262.645355 220.975220 332.772369
gray000085 0.014647 152.738190 264.523102 191.174377 336.074371
gray000085 0.006586 151.332230 291.297180 194.685013 324.717407
gray000086 0.496690 138.582108 238.504471 189.647751 291.004242
gray000086 0.113683 147.600418 245.068604 183.125107 277.887756
gray000086 0.016992 120.721252 217.764023 194.507568 310.859558
gray000086 0.015070 157.030228 242.778549 173.079117 279.547302
gray000086 0.002835 163.208420 247.692993 179.332138 275.047485
gray000087 0.733801 229.789566 135.608765 375.318237 226.181488
gray000087 0.011167 263.530212 155.543716 359.439514 212.511093
gray000087 0.005541 110.671524 107.863503 387.673218 250.155365
gray000087 0.004467 157.665710 141.872513 331.769348 210.661392
gray000087 0.003109 268.197357 123.100647 329.370758 244.696716
gray000087 0.001767 265.428406 111.040848 383.482788 281.009094
gray000087 0.001630 252.053818 114.223434 349.707153 201.911179
gray000087 0.001064 75.273819 62.465576 425.729004 340.188416
gray000088 0.307863 311.135986 201.092133 389.745239 271.482056
gray000088 0.002156 325.690979 223.251312 371.685791 249.732605
gray000088 0.001070 337.677338 205.058212 372.332916 283.796295
gray000089 0.196750 136.878677 392.769226 176.221207 417.885254
gray000089 0.108897 101.566643 257.119354 171.742737 314.382416
gray000089 0.080006 83.947159 251.647766 197.912704 336.522217
gray000089 0.048759 127.481934 386.138611 182.768738 426.060608
gray000089 0.041731 119.219299 257.865723 154.906158 328.205383
gray000089 0.007288 147.809494 401.838623 178.833023 420.899658
gray000089 0.006354 117.326431 225.405792 177.286209 342.104218
gray000089 0.004685 71.490997 257.813446 146.757080 308.530609
gray000089 0.003886 385.024536 256.690918 435.658752 304.605286
gray000089 0.003014 109.150528 264.764343 141.720566 318.992493
gray000089 0.002003 132.386520 277.757233 149.571213 324.294891
gray000089 0.001907 154.723068 390.254425 172.462296 419.827728
gray000089 0.001472 87.090477 280.156830 114.557610 305.613251
gray000089 0.001399 147.447754 399.748718 166.407654 412.208923
gray000089 0.001089 55.616882 265.988220 124.076431 322.894958
gray000089 0.001055 148.177094 395.848724 166.195099 425.159943
gray000090 0.128375 181.784637 215.814240 307.374084 334.242889
gray000090 0.009907 210.519547 269.742645 285.340637 324.937531
gray000090 0.008964 214.620926 238.165863 281.744507 290.156281
gray000090 0.007812 235.322845 219.190643 360.084808 324.856476
gray000090 0.006523 199.730835 257.589050 272.873505 306.160522
gray000090 0.005246 268.416443 278.496307 324.249084 319.326630
gray000090 0.005016 283.237366 278.012238 308.717773 340.995636
gray000090 0.004520 172.382111 210.548828 178.048859 216.440247
gray000090 0.003977 202.821777 288.416107 268.330750 337.167023
gray000090 0.003849 249.172470 290.082703 314.196960 331.360168
gray000090 0.003436 219.949463 276.414246 248.485840 346.041382
gray000090 0.003340 224.527939 208.635818 307.303070 291.406738
gray000090 0.002717 206.098709 243.082733 263.994598 348.556122
gray000090 0.002597 232.038589 280.603271 263.310883 342.480530
gray000090 0.002415 298.392639 270.087402 325.624023 321.838806
gray000090 0.002268 293.553345 257.153748 330.406006 304.714966
gray000090 0.002230 195.324814 130.608093 200.746719 135.219055
gray000090 0.002035 265.144165 233.952057 325.519165 265.942932
gray000090 0.002030 282.455994 293.771240 316.422424 323.466736
gray000090 0.001981 224.523499 227.902863 297.814575 269.204987
gray000090 0.001859 225.152237 190.363113 233.967239 202.039871
gray000090 0.001803 266.531250 285.961487 302.553223 316.754456
gray000090 0.001704 250.894882 283.675903 281.399445 336.729248
gray000090 0.001701 267.417297 244.331955 323.993103 285.799835
gray000090 0.001692 175.244110 208.247101 182.711426 218.400299
gray000090 0.001660 231.377472 244.194427 263.942200 315.652924
gray000090 0.001649 223.516953 182.282959 233.543442 196.649658
gray000090 0.001442 173.812302 206.895477 250.174881 292.380310
gray000090 0.001402 215.497894 270.227295 257.907288 299.318054
gray000090 0.001358 156.078873 182.455246 389.899963 317.127319
gray000090 0.001311 280.241852 225.547729 312.879486 274.140747
gray000090 0.001267 261.333130 266.158081 301.128296 329.578308
gray000090 0.001242 230.458282 231.693481 293.464874 329.895142
gray000090 0.001010 268.376282 217.939026 323.026245 313.855896
gray000091 0.581240 149.047501 137.142883 325.153687 287.857178
gray000091 0.013066 190.061111 217.732590 214.856583 284.624573
gray000091 0.004414 296.382416 148.313858 355.618988 198.710861
gray000091 0.003730 178.229645 236.495834 226.811218 287.919739
gray000091 0.002845 198.695908 254.652039 228.203751 283.074890
gray000091 0.002429 169.566727 190.004318 235.478043 307.753387
gray000091 0.001977 203.643188 149.043396 322.032593 217.850220
gray000091 0.001898 220.676697 145.994080 274.506348 260.138824
gray000091 0.001184 211.437469 264.436218 229.297729 273.198364
gray000091 0.001111 171.267593 208.464218 177.787033 215.691147
gray000091 0.001042 197.781738 219.885391 231.512634 283.260162
gray000092 0.127931 108.883186 296.714966 140.651993 320.352783
gray000092 0.033786 96.765755 292.458099 147.321793 327.922211
gray000092 0.012888 168.079056 276.127716 197.913467 321.011200
gray000092 0.006626 116.898651 301.965149 132.159622 315.449585
gray000092 0.005357 117.713905 288.174713 134.000900 317.296967
gray000092 0.003904 123.267532 292.996521 139.200119 323.356873
gray000092 0.003777 102.038452 279.126495 164.973907 323.247101
gray000092 0.003499 113.984589 292.395020 146.796326 313.128906
gray000092 0.002936 164.364777 290.868713 183.426514 326.533936
gray000092 0.002861 297.772919 289.165161 304.740875 297.675171
gray000092 0.002795 116.807846 299.890442 145.398880 329.338623
gray000092 0.002733 172.151733 284.606506 187.941284 317.784180
gray000092 0.002418 140.951660 271.771515 196.564728 325.727936
gray000092 0.001938 116.892471 308.574890 132.476913 322.029541
gray000092 0.001793 119.849121 296.553406 131.907654 307.747375
gray000092 0.001763 113.411049 302.511658 123.192085 316.813477
gray000092 0.001603 74.200638 210.159027 159.945312 340.863983
gray000092 0.001304 168.007431 294.272430 178.782211 307.635101
gray000092 0.001287 180.973984 273.400604 195.678909 298.511078
gray000092 0.001132 129.815903 351.674866 137.384415 361.967285
gray000093 0.183873 149.185776 95.851768 341.331665 261.751862
gray000093 0.116078 284.152252 212.623642 336.791046 260.035492
gray000093 0.026897 297.791382 228.564789 333.757629 259.325989
gray000093 0.016481 247.778915 175.123444 356.004578 291.746613
gray000093 0.016316 188.819061 141.179443 295.257812 274.487152
gray000093 0.008453 308.596191 207.585358 340.737366 264.624634
gray000093 0.005703 270.270599 194.461319 329.219391 298.679993
gray000093 0.004739 221.723190 288.423889 275.853455 338.068176
gray000093 0.003299 221.445023 206.434174 275.514954 262.790802
gray000093 0.003222 306.904510 220.869781 326.569672 254.973846
gray000093 0.002990 292.897186 222.345062 354.624969 272.244019
gray000093 0.002838 235.991455 217.280106 263.229767 276.304718
gray000093 0.002491 300.778595 233.346268 327.270233 285.740540
gray000093 0.002480 300.975739 221.836151 318.213898 253.563263
gray000093 0.002465 316.089355 227.805679 331.046814 261.176636
gray000093 0.002432 266.461639 241.842178 328.448334 281.666687
gray000093 0.002379 279.255371 231.263885 324.458984 257.359161
gray000093 0.001982 314.668945 233.650604 340.405457 287.420258
gray000093 0.001977 267.101440 199.515594 335.582825 244.318909
gray000093 0.001887 281.042145 230.863373 315.309479 289.892181
gray000093 0.001621 213.812988 194.596710 283.171204 300.666718
gray000093 0.001613 294.846863 191.460770 329.295593 252.702621
gray000093 0.001443 105.438538 192.159332 133.330231 275.761810
gray000093 0.001235 244.230759 118.699860 350.695770 239.480408
gray000093 0.001172 234.677582 229.693924 268.860901 257.916748
gray000093 0.001045 67.845169 164.530212 160.376694 258.169495
gray000093 0.001037 289.646027 215.896179 327.824554 244.411926
gray000094 0.009168 163.423462 273.384705 179.302979 299.785034
gray000094 0.006617 163.980576 280.687408 178.262375 292.047943
gray000094 0.005089 149.561539 277.502869 182.719070 304.256897
gray000095 0.442772 137.572540 242.772781 188.008759 297.067810
gray000095 0.234699 143.310486 252.367279 175.249176 288.578583
gray000095 0.001343 361.569183 262.773010 368.721039 272.941406
gray000095 0.001294 348.615417 296.243744 378.656982 323.905304
gray000095 0.001232 366.466400 263.429047 377.191986 274.202179
gray000096 0.401034 371.155151 256.366364 407.912292 285.563812
gray000096 0.059785 155.252167 286.248718 184.210907 337.007874
gray000096 0.040500 158.310089 296.565002 188.562042 323.815063
gray000096 0.012073 381.014008 252.589874 398.964691 295.493195
gray000096 0.006207 375.238983 255.306793 392.354767 284.490509
gray000096 0.004448 165.550339 301.293213 182.807785 329.166260
gray000096 0.002470 172.025650 289.132141 186.861038 331.955872
gray000096 0.001338 225.296875 227.502808 264.008270 249.398102
gray000096 0.001272 170.187637 271.336761 195.273422 330.944061
gray000096 0.001170 358.463135 245.928131 409.181702 295.575592
gray000096 0.001108 166.703735 302.015564 180.043945 318.039185
gray000097 0.770955 391.766571 317.339447 417.367035 345.307953
gray000097 0.008292 401.846863 308.313080 417.081360 355.870087
gray000097 0.002987 386.604156 306.479187 413.840363 356.434204
gray000097 0.001110 125.217987 212.576950 149.829590 283.831390
gray000098 0.090701 282.745392 224.405151 313.233612 278.534271
gray000098 0.025075 287.043793 238.009766 313.617279 266.482208
gray000098 0.019459 187.053284 302.465179 246.974854 353.687531
gray000098 0.018590 265.169373 236.147263 329.475281 285.529327
gray000098 0.010221 293.120941 300.444580 307.739838 334.054810
gray000098 0.009903 196.189560 260.158020 237.221146 364.359192
gray000098 0.008935 251.669083 217.339661 351.027893 319.427917
gray000098 0.006203 204.374176 282.899353 230.757446 342.621460
gray000098 0.006139 215.449631 260.608856 244.666611 333.732208
gray000098 0.006130 221.931427 197.533661 322.363739 349.339752
gray000098 0.005525 273.238159 229.455505 320.564697 328.464294
gray000098 0.004605 188.237305 273.630188 250.051575 321.964050
gray000098 0.003884 293.736450 252.244049 328.469177 305.063751
gray000098 0.003822 201.192490 213.285522 279.232452 341.179260
gray000098 0.002955 286.131500 250.118958 310.284637 305.784973
gray000098 0.002490 290.952026 232.213150 321.910461 260.022491
gray000098 0.002437 204.766449 248.659927 234.058197 318.446350
gray000098 0.002364 280.593048 274.716980 341.526825 316.559387
gray000098 0.002350 277.334076 244.200150 345.731293 347.940186
gray000098 0.001926 233.500946 207.003082 315.661285 278.866058
gray000098 0.001594 298.402893 229.350235 315.079895 274.731812
gray000098 0.001514 134.321228 149.429901 352.047363 337.502136
gray000098 0.001333 176.607758 204.493073 299.011810 286.288544
gray000098 0.001278 84.108200 184.826691 198.490433 292.813782
gray000098 0.001199 269.158783 226.441986 301.503510 296.358612
gray000098 0.001112 203.517654 259.256531 258.261597 306.790466
gray000098 0.001077 199.136002 292.652130 261.499084 338.352203
gray000098 0.001062 204.621155 312.613220 236.000641 337.871887
gray000099 0.076382 70.191635 243.846130 133.688538 291.838562
gray000099 0.035188 56.091743 224.692108 177.791656 317.915192
gray000099 0.017520 77.864746 257.017639 122.394257 282.874084
gray000099 0.002165 85.418808 232.684906 118.812714 302.756012
gray000099 0.001817 48.108765 162.089813 176.699905 386.444977
gray000099 0.001168 379.500977 280.247498 415.752563 309.016052
