gray000000 0.344366 208.230530 302.756104 284.517151 356.305237
gray000000 0.007143 157.498184 194.100693 316.997314 350.782166
gray000000 0.003527 179.456192 182.690842 291.439392 241.509598
gray000000 0.002005 201.018173 282.417511 290.077789 320.299103
gray000000 0.001980 153.505585 284.418274 288.651947 347.425659
gray000000 0.001097 199.476715 165.418518 268.589935 208.912170
gray000001 0.334903 373.759064 261.493347 422.214142 287.847473
gray000001 0.010548 384.515686 252.718735 411.028503 290.863403
gray000002 0.759321 133.038589 330.628998 191.934250 384.157379
gray000002 0.005814 101.418518 333.721954 213.508972 391.060333
gray000002 0.001266 133.191681 348.702332 181.060425 375.367493
gray000003 0.355408 267.604279 279.415619 307.609772 304.306122
gray000003 0.020669 277.974487 277.075165 297.308472 306.939850
gray000004 0.314348 125.645126 305.985107 158.068863 328.990173
gray000004 0.215203 112.643768 293.235199 169.063446 337.061676
gray000004 0.012887 134.020477 311.390656 149.898468 324.680634
gray000004 0.004349 141.110718 483.500916 153.937103 512.000000
gray000004 0.002457 120.956253 299.842041 147.862198 323.471497
gray000004 0.002190 137.090332 315.892578 146.725281 329.279358
gray000004 0.001552 107.017281 265.064484 172.910706 358.546478
gray000004 0.001365 129.236130 310.623444 141.474747 323.726959
gray000004 0.001363 140.408615 315.670166 153.354172 330.581787
gray000005 0.023475 143.883270 262.329834 201.090088 297.448425
gray000005 0.013442 216.712006 204.814804 250.635376 257.655365
gray000005 0.009855 218.658417 346.590393 223.790131 351.919006
gray000005 0.008147 159.329453 257.309631 187.236221 302.129944
gray000005 0.003005 219.567368 215.552795 253.397110 239.897614
gray000005 0.002501 237.558014 208.639236 250.260925 234.400986
gray000005 0.002318 228.431793 199.948822 246.070282 244.498718
gray000005 0.002121 296.422089 344.908051 302.139801 349.613129
gray000005 0.001978 288.995728 322.923004 345.058472 362.520172
gray000005 0.001789 165.312210 261.980225 182.693008 292.815796
gray000005 0.001645 221.822266 210.953918 238.480133 245.012665
gray000005 0.001460 226.490097 210.591232 259.408569 231.555496
gray000005 0.001252 160.522049 259.767670 200.645676 282.852142
gray000005 0.001235 225.904312 330.223419 232.185715 335.580963
gray000005 0.001172 292.038666 344.818573 296.310028 349.563080
gray000005 0.001065 172.185730 260.936157 189.554535 292.437683
gray000006 0.366339 324.231720 277.831635 337.434418 289.415070
gray000006 0.174106 322.380981 273.854126 338.959351 294.497437
gray000006 0.049768 206.994904 280.165192 217.174774 287.545380
gray000006 0.010221 204.242630 281.241791 211.809219 286.633820
gray000006 0.009222 311.760254 267.950073 340.473877 291.843140
gray000006 0.006721 172.482285 234.553024 175.218887 238.457535
gray000006 0.002434 321.190674 274.378662 332.840210 285.767029
gray000006 0.001270 203.225067 276.473663 220.292175 292.027802
gray000007 0.557547 153.900711 263.879608 209.557907 311.274750
gray000007 0.007763 162.534851 279.250946 209.805084 304.446259
gray000008 0.116562 332.716553 254.394211 360.845947 306.005096
gray000008 0.003319 326.541992 270.249603 356.904053 297.206879
gray000008 0.002794 325.076294 263.372894 370.322510 290.689850
gray000008 0.001184 336.498871 233.527802 347.529449 240.146820
gray000009 0.501300 378.071472 260.546326 416.208923 281.965515
gray000009 0.004300 372.401093 253.915146 419.337616 294.917877
gray000010 0.154575 327.690552 296.737762 357.228882 354.209808
gray000010 0.109344 333.247681 311.783539 350.251404 338.706879
gray000010 0.020827 323.624176 304.588928 359.459930 332.830017
gray000010 0.017817 149.376160 313.343536 167.229248 339.813080
gray000010 0.017781 93.966751 254.958527 103.810593 264.150116
gray000010 0.015263 339.110260 302.525848 354.851349 333.556732
gray000010 0.008660 327.222870 318.322876 356.605988 342.743469
gray000010 0.008546 87.241257 239.132629 102.509018 267.574982
gray000010 0.007978 152.726547 318.427094 162.722153 335.274689
gray000010 0.007375 92.028313 234.156937 105.710365 273.722626
gray000010 0.006302 335.038574 317.841339 347.392395 332.448090
gray000010 0.005322 334.326416 312.453949 347.852539 324.740021
gray000010 0.004563 93.356232 246.159317 103.986572 262.554535
gray000010 0.003637 315.251038 285.583130 352.311829 344.679626
gray000010 0.003447 88.498482 246.489899 100.294945 261.349670
gray000010 0.002999 158.402252 318.558594 169.164825 332.912598
gray000010 0.002720 290.944641 290.364014 373.237488 381.054688
gray000010 0.002594 340.490112 310.913483 353.749451 324.775604
gray000010 0.002414 90.622139 252.699570 99.527901 265.932739
gray000010 0.002295 193.107483 376.291443 199.251129 382.306213
gray000010 0.001244 328.142822 311.825836 342.307312 338.479095
gray000010 0.001036 74.150826 236.524506 103.327751 290.566193
gray000010 0.001002 94.830795 239.566711 105.996078 253.170410
gray000011 0.379507 129.998169 229.122696 163.220428 259.081665
gray000011 0.001646 139.077179 225.204056 155.306274 256.423706
gray000012 0.880620 73.337845 269.997162 197.986008 329.657745
gray000012 0.005045 99.942398 251.456970 172.686600 346.514282
gray000012 0.001974 28.486893 243.663330 215.175705 358.911377
gray000012 0.001569 172.667664 1.000000 309.329132 184.063126
gray000013 0.917984 134.227570 332.181091 192.479126 387.130249
gray000013 0.001945 131.139053 346.897247 198.604202 370.368439
gray000014 0.174225 191.998795 234.209152 207.145767 245.404099
gray000014 0.153487 185.008026 231.303925 212.955078 248.275970
gray000014 0.020298 192.758911 224.425461 210.198578 254.939102
gray000015 0.312418 329.999298 288.553406 371.101776 331.529053
gray000015 0.009663 113.965683 284.535706 149.123734 314.727417
gray000015 0.001832 340.063293 296.367432 360.765869 331.027893
gray000015 0.001651 96.642570 275.775391 152.629501 322.658447
gray000016 0.871135 85.153961 254.823502 188.067566 342.196106
gray000016 0.007933 304.934296 161.529816 317.140533 168.353851
gray000016 0.001046 296.195007 158.932709 322.384216 174.375275
gray000017 0.206246 226.965546 294.181793 276.790527 357.183868
gray000017 0.135522 279.049164 293.126099 308.280243 339.743225
gray000017 0.067228 219.946167 288.712006 255.595764 345.902924
gray000017 0.019832 268.539856 284.641327 315.660950 348.971344
gray000017 0.002998 262.883118 303.441895 310.128418 331.789001
gray000018 0.163937 110.898102 297.529480 142.726456 323.316772
gray000018 0.004860 107.446541 285.996979 158.766296 329.840790
gray000018 0.001699 123.232086 298.786743 139.749939 329.654541
gray000019 0.383259 233.720734 147.397552 391.859955 260.979980
gray000019 0.033426 372.524872 358.443024 386.680084 369.446625
gray000019 0.020625 103.342072 167.830200 135.056198 229.062317
gray000019 0.010348 368.756348 360.443665 378.353455 369.072083
gray000019 0.009744 368.824524 353.678986 378.255493 364.384979
gray000019 0.008035 59.087753 161.756897 220.866806 327.279877
gray000019 0.005410 364.336365 347.734009 384.923096 369.146851
gray000019 0.004963 90.036087 178.235199 149.395782 220.420807
gray000019 0.004437 192.100250 103.139534 433.195953 278.881378
gray000019 0.003138 368.941040 341.468628 391.865417 376.186768
gray000019 0.003112 193.056183 337.470673 200.159088 344.886505
gray000019 0.002259 140.534302 300.213593 171.259094 319.435516
gray000019 0.002032 132.932343 303.930908 164.656464 326.459900
gray000019 0.001721 94.684509 187.953323 107.122040 222.420792
gray000019 0.001525 362.241852 359.689911 371.041473 370.230377
gray000019 0.001512 77.167938 198.727341 206.323608 280.182800
gray000019 0.001444 141.193008 310.428833 156.977158 321.198120
gray000019 0.001395 85.709000 190.213196 101.077637 221.713989
gray000019 0.001314 373.820709 353.117065 385.292389 364.414734
gray000019 0.001307 104.922440 167.170563 163.339249 205.462067
gray000019 0.001274 149.837860 306.135559 163.074677 313.710205
gray000020 0.623316 123.835991 265.318268 182.516174 320.633636
gray000020 0.003480 134.547791 105.603668 277.111023 169.579132
gray000020 0.002434 87.489906 41.875351 264.441833 176.989944
gray000020 0.001643 132.569595 79.725807 228.313278 159.865326
gray000021 0.271707 350.012573 307.874481 365.805176 353.033661
gray000021 0.121230 343.326843 316.466095 371.652039 344.608429
gray000021 0.002054 335.830414 305.956055 377.639374 349.890076
gray000021 0.001009 351.650574 319.119354 362.776245 343.685822
gray000022 0.305127 303.200256 291.404144 344.791626 315.397186
gray000022 0.002323 313.755371 288.512665 335.150635 322.933014
gray000023 0.720314 312.663849 271.421295 337.414154 295.831390
gray000024 0.665462 294.742767 282.357422 356.506989 339.322815
gray000024 0.001658 274.686218 29.057770 397.315613 139.212402
gray000025 0.027879 319.620819 158.225342 375.886200 211.571564
gray000025 0.004033 335.411652 209.725266 349.980560 219.491318
gray000025 0.003870 334.276703 202.567764 361.331696 224.104416
gray000025 0.002855 329.046875 177.011536 369.241760 200.697693
gray000025 0.002745 342.181854 214.216171 351.257538 224.826828
gray000025 0.002276 337.614960 214.875305 348.560822 223.729950
gray000025 0.002246 338.518707 208.117752 356.636810 231.207291
gray000025 0.001280 122.785004 84.115021 416.831390 208.719208
gray000025 0.001151 330.472382 171.085800 365.935089 224.267960
gray000025 0.001014 341.188141 205.337143 353.345123 221.819290
gray000026 0.814506 103.415787 270.305328 175.368881 315.393097
gray000027 0.541735 192.430710 219.365585 251.694290 273.244843
gray000028 0.222024 194.547211 280.967499 261.244751 369.414398
gray000028 0.043348 202.351837 277.893005 234.946625 356.012878
gray000028 0.003237 193.961395 65.155823 353.357758 234.438690
gray000028 0.001152 121.882889 1.000000 437.201660 325.350586
gray000029 0.689433 286.368744 259.172577 334.361603 297.999359
gray000029 0.002187 299.650452 260.528656 321.349182 295.289520
gray000030 0.771068 94.091537 228.086685 212.703049 325.294067
gray000031 0.546331 161.423706 326.934814 199.684723 353.177063
gray000031 0.031649 171.630234 323.435974 190.728073 356.011047
gray000032 0.239927 161.613068 231.373718 186.006531 277.156036
gray000032 0.235722 153.724487 240.995972 194.726379 268.391449
gray000032 0.007846 155.273682 224.556702 201.502136 281.627350
gray000033 0.009734 265.119598 171.649185 324.201813 225.244308
gray000033 0.007464 259.926575 192.840179 296.004028 216.713287
gray000033 0.004774 201.854218 312.136963 209.268463 321.320129
gray000033 0.003366 269.736053 190.621887 285.792084 218.921417
gray000033 0.002980 234.912201 137.738876 364.393524 224.876450
gray000033 0.002493 203.016052 306.815948 208.558838 313.715546
gray000033 0.002229 262.150146 191.915085 277.459290 202.618607
gray000033 0.002220 269.523041 197.991272 286.319733 209.730835
gray000033 0.002157 255.566849 185.350174 284.699097 211.511917
gray000033 0.002092 206.240341 309.717621 216.425552 322.372101
gray000033 0.001222 276.785278 187.205063 293.396667 221.731705
gray000034 0.439250 128.960602 231.128281 179.593658 278.908264
gray000034 0.002846 93.492966 233.817139 192.186630 291.589050
gray000034 0.001785 146.641129 238.223389 167.388596 282.676636
gray000035 0.475638 147.225281 238.951508 220.166779 292.015900
gray000035 0.002931 154.597198 238.441940 188.356964 311.528839
gray000036 0.598019 133.867249 244.818497 149.892120 255.790604
gray000036 0.059390 132.871674 235.371384 149.620056 261.332367
gray000036 0.003352 166.182388 15.806297 314.867493 213.292725
gray000036 0.003072 311.950439 19.946861 424.077087 196.765076
gray000036 0.001385 131.655579 246.764694 141.766052 255.589310
gray000036 0.001042 129.270782 241.961853 143.756836 253.646179
gray000037 0.587852 142.622711 327.152435 204.571899 387.967316
gray000038 0.546801 317.628815 293.994354 397.369720 373.126678
gray000039 0.051644 255.723923 209.678940 265.865234 217.795059
gray000039 0.044275 292.470276 253.448288 323.359741 283.794525
gray000039 0.018574 272.347046 243.168564 319.431091 289.538208
gray000039 0.009489 253.708084 214.803452 267.831573 226.023087
gray000039 0.008103 187.599609 281.222046 245.990784 337.569702
gray000039 0.007741 94.065979 333.665558 105.444855 343.633453
gray000039 0.007568 234.083679 211.331223 271.130737 231.309708
gray000039 0.007124 253.925583 207.541504 267.999512 234.573303
gray000039 0.006441 225.742935 216.297562 263.207275 241.069046
gray000039 0.003834 248.126266 210.228607 260.885071 217.869263
gray000039 0.003824 244.731400 216.472275 262.903870 225.814407
gray000039 0.003642 79.793259 322.485321 128.737701 368.390839
gray000039 0.003028 68.518356 307.157196 167.850067 372.253326
gray000039 0.002847 247.275696 202.176956 272.622925 226.222336
gray000039 0.002802 245.632736 208.304764 261.947144 234.403641
gray000039 0.002667 310.100403 252.008621 320.335449 284.001007
gray000039 0.002517 255.219833 202.697113 266.506775 211.360168
gray000039 0.002210 208.283524 242.726562 215.605850 248.339722
gray000039 0.001976 190.703339 343.019196 199.921722 355.081940
gray000039 0.001951 301.201660 250.996475 318.075317 275.217438
gray000039 0.001752 194.068451 290.033691 235.154999 315.475098
gray000039 0.001672 226.253876 203.732819 263.802368 224.778839
gray000039 0.001594 199.684692 297.579803 228.327454 318.823639
gray000039 0.001327 186.949799 344.719666 194.041321 353.670715
gray000039 0.001321 236.993088 223.000076 253.138046 233.988083
gray000039 0.001105 210.745468 202.554855 246.943466 224.538895
gray000039 0.001058 245.614365 221.858582 259.055939 233.709839
gray000039 0.001009 147.192261 300.879272 189.075317 357.633423
gray000040 0.306349 138.956238 220.319305 156.014801 249.259430
gray000040 0.056179 127.278854 213.507996 166.003860 254.164154
gray000040 0.001459 137.487564 227.828049 150.884232 242.847733
gray000040 0.001131 284.207184 154.248367 348.601410 208.592789
gray000041 0.315439 178.327728 247.986954 212.671112 308.338257
gray000041 0.007664 157.689819 263.588043 207.088013 291.153656
gray000042 0.229162 131.278580 271.848572 161.517288 297.795349
gray000042 0.001203 138.446640 266.969086 155.188461 294.695709
gray000043 0.351596 179.114319 231.183945 212.851898 290.136658
gray000043 0.142945 390.570557 268.475098 405.596313 299.647339
gray000043 0.040838 383.534729 266.017181 410.050415 291.132843
gray000043 0.018508 390.710602 275.799744 403.268219 292.242798
gray000043 0.012503 164.815857 247.744431 213.926788 273.350952
gray000043 0.006923 396.053467 278.264496 411.724609 307.109467
gray000043 0.002592 399.575470 293.760406 408.554108 306.117340
gray000043 0.001538 398.125916 286.020477 409.091858 299.999847
gray000043 0.001310 392.588623 283.743317 402.269409 300.425507
gray000043 0.001307 379.569916 276.395325 417.086395 306.583435
gray000043 0.001249 395.921326 277.371399 409.334229 292.182129
gray000044 0.221062 180.199432 276.808777 216.487030 303.669678
gray000044 0.015728 189.279510 271.859924 207.624817 308.854431
gray000045 0.798640 95.568024 269.992432 202.725616 332.431580
gray000045 0.011422 113.298050 262.054291 187.740646 310.237762
gray000045 0.010591 131.466568 258.708252 171.738327 336.735657
gray000045 0.004371 116.276901 251.730942 188.860764 361.001892
gray000045 0.004203 60.413582 245.142578 226.242767 365.292419
gray000046 0.049909 274.095947 179.087112 313.179932 200.224136
gray000046 0.013489 57.597725 179.405090 233.764130 313.866333
gray000046 0.007363 277.313568 182.332336 295.237885 194.151886
gray000046 0.006736 53.245522 238.723389 187.500427 323.149536
gray000046 0.006129 277.742340 176.161804 295.224945 202.592682
gray000046 0.005370 284.869232 176.041824 302.831085 202.410934
gray000046 0.004302 292.127777 175.533325 308.993561 202.496155
gray000046 0.003886 237.492950 194.845596 253.745392 203.708481
gray000046 0.003730 237.804077 197.664536 254.956146 208.357712
gray000046 0.002453 164.188782 225.202393 196.102295 252.057892
gray000046 0.002324 326.244812 124.774391 400.191895 156.863037
gray000046 0.002260 174.487946 239.994186 190.797974 247.475449
gray000046 0.001854 283.691223 183.544693 303.103760 193.970871
gray000046 0.001447 152.862030 219.501358 193.468842 240.555008
gray000046 0.001310 260.255310 178.681076 296.776245 201.267899
gray000046 0.001209 270.988098 182.817429 286.308289 194.763809
gray000046 0.001072 291.660553 179.222366 309.907745 186.905167
gray000047 0.363845 260.874054 322.351471 310.318634 369.636932
gray000047 0.086976 264.266052 336.817047 305.004395 361.967804
gray000047 0.009866 275.946747 328.828979 294.577118 369.617371
gray000047 0.006997 132.291412 185.789932 164.394897 212.577621
gray000047 0.004508 260.174805 299.882019 325.461792 390.087646
gray000047 0.003890 168.030991 192.833145 177.800125 200.931351
gray000047 0.002035 170.631699 200.368073 207.207779 224.441681
gray000047 0.001838 179.175583 197.133118 197.850906 228.407349
gray000047 0.001449 281.705017 332.211975 299.536926 364.235291
gray000048 0.008447 321.651611 287.509949 327.204346 294.661499
gray000048 0.002816 201.683243 282.778320 209.078751 289.947327
gray000048 0.001556 208.436737 282.952362 214.649445 288.177399
gray000048 0.001520 203.132996 288.417206 209.416046 293.909332
gray000048 0.001344 232.768539 261.589935 270.570648 288.298248
gray000048 0.001273 316.394867 289.494537 321.922943 293.920929
gray000048 0.001137 210.440552 289.862915 215.189087 292.819946
gray000048 0.001129 297.463898 258.160583 305.598541 263.160278
gray000048 0.001042 235.802383 252.410721 254.878494 289.128418
gray000049 0.317847 172.483414 274.796844 205.171555 311.607758
gray000050 0.700785 61.351059 252.383163 118.914459 291.401947
gray000050 0.001338 80.100037 256.521576 102.717224 283.460358
gray000051 0.341478 336.580048 280.297089 386.238861 335.883514
gray000051 0.024602 311.196899 276.770020 406.364624 346.314941
gray000051 0.001304 342.975647 295.572296 383.435608 320.238068
gray000051 0.001155 27.332253 213.806213 189.394135 341.020813
gray000052 0.295102 118.906410 195.525040 167.014481 233.292191
gray000052 0.012337 131.772446 198.510101 151.830154 230.043945
gray000053 0.417660 194.146698 153.678162 306.173126 248.575195
gray000053 0.026932 213.595444 165.753784 286.055817 230.664185
gray000054 0.497605 132.163605 236.781326 175.429138 286.393555
gray000054 0.037033 136.487305 255.386246 173.685913 280.590820
gray000054 0.008140 145.378372 247.301056 167.270615 289.223724
gray000055 0.436891 152.796661 232.078293 155.732574 235.971939
gray000055 0.209131 153.096786 230.021805 156.396317 233.649399
gray000055 0.140885 149.994476 228.636078 154.179657 233.507111
gray000055 0.039059 150.029190 231.921783 154.163284 235.806549
gray000055 0.001597 2.039598 257.940674 9.118140 312.251099
gray000055 0.001368 338.676575 218.303528 344.094727 225.894409
gray000056 0.442958 66.598740 254.803772 119.655228 284.300720
gray000056 0.013874 83.067421 254.191360 102.372215 282.671539
gray000056 0.011468 84.001045 246.091614 129.115082 276.358337
gray000056 0.011258 309.808380 289.798187 342.613617 310.295807
gray000056 0.003637 90.753502 250.367508 108.958717 276.355835
gray000056 0.002388 59.214748 257.232147 98.460556 292.181000
gray000056 0.001864 98.303619 247.742340 115.426834 275.377228
gray000056 0.001271 312.852844 276.360596 344.467346 318.945068
gray000056 0.001200 426.833344 211.638718 430.246429 216.546677
gray000057 0.619938 255.406326 212.458038 309.986450 253.895447
gray000057 0.021858 271.127716 217.643982 313.137970 244.106842
gray000057 0.005556 220.341980 273.119415 280.638458 323.611420
gray000057 0.004366 284.250061 212.885773 301.190002 249.375061
gray000057 0.001958 173.151901 260.335907 316.043884 337.579681
gray000057 0.001127 248.673523 222.190567 292.676147 248.421768
gray000058 0.541014 167.119507 221.349136 195.205933 272.825592
gray000058 0.049118 159.345322 232.708252 203.942276 260.354584
gray000059 0.679844 133.723312 268.268951 224.665359 332.848846
gray000059 0.002445 154.247208 262.667114 193.975754 331.738159
gray000060 0.657036 103.212288 228.563477 165.378052 274.283112
gray000060 0.006502 116.916084 218.867554 151.714279 297.150696
gray000060 0.002275 200.775208 199.299026 208.677704 211.251297
gray000060 0.001464 198.756348 189.157669 211.488617 220.850327
gray000060 0.001251 132.315063 232.260056 148.586761 272.276306
gray000060 0.001172 125.771233 231.200607 141.607025 273.583984
gray000060 0.001063 108.240845 235.169998 159.197205 259.435211
gray000061 0.338304 232.284607 311.072327 288.397217 370.875244
gray000062 0.426356 106.053329 293.581024 139.127960 321.034698
gray000062 0.006276 317.539429 70.229370 486.134766 231.562866
gray000062 0.001931 360.683136 84.878166 450.646088 214.641815
gray000062 0.001298 114.342476 301.399780 132.493301 314.353577
gray000062 0.001278 229.755142 209.615952 259.707977 231.866043
gray000063 0.345865 319.011719 277.205902 348.046387 303.578949
gray000063 0.007164 324.812439 283.194885 342.304138 298.285156
gray000064 0.698495 327.973480 180.938736 436.049652 242.346237
gray000064 0.002044 283.880035 154.738510 463.721893 265.290924
gray000065 0.234560 148.266495 293.857849 162.083817 302.722717
gray000065 0.080515 146.411591 285.128937 163.077637 305.729706
gray000065 0.053728 144.682327 290.469696 159.096359 300.421906
gray000065 0.028219 136.224274 287.760406 166.515778 310.247833
gray000065 0.013233 184.480499 180.885574 214.310272 210.276688
gray000065 0.005912 191.703659 182.763397 206.116135 209.372894
gray000065 0.003867 187.914307 163.614212 212.640564 229.403458
gray000066 0.206061 210.062805 269.694397 259.904053 305.007080
gray000066 0.013618 200.916107 277.870331 242.950806 305.433807
gray000066 0.009842 207.995010 276.334290 222.757278 308.649170
gray000066 0.006084 287.777130 291.724274 336.214081 336.621613
gray000066 0.004863 212.930405 276.426117 229.519974 307.538788
gray000066 0.002288 227.304474 269.171600 246.863770 303.105133
gray000066 0.001662 209.083008 284.387299 220.317078 299.600800
gray000067 0.330705 201.024353 349.893036 230.885681 368.628571
gray000067 0.006487 209.057648 353.576599 227.940521 365.783020
gray000068 0.420996 49.869896 142.033798 238.777161 295.883667
gray000068 0.072039 28.183891 179.478302 193.850494 250.733978
gray000068 0.033554 63.263042 182.992065 139.625031 228.494263
gray000068 0.017817 121.639755 177.896072 219.242142 285.698059
gray000069 0.277737 122.257629 219.646362 163.946411 264.820892
gray000069 0.014144 132.440384 216.047913 152.013657 269.510773
gray000070 0.595192 351.905884 325.127625 397.200195 353.597595
gray000070 0.005598 364.492920 320.788116 384.982422 357.271149
gray000071 0.001243 129.601685 247.497910 136.667206 257.179352
gray000072 0.376970 139.269943 277.137543 189.866776 321.301788
gray000072 0.027411 155.242218 279.411835 174.137390 319.730865
gray000072 0.001030 144.917374 292.272400 181.584366 318.834595
gray000073 0.051265 235.211533 145.114288 293.235046 227.800110
gray000073 0.014889 198.924240 173.009338 334.166565 225.708527
gray000073 0.004758 319.142273 303.319733 330.431152 313.113190
gray000073 0.004397 220.114777 264.217316 328.874115 329.283539
gray000073 0.003992 232.095444 153.450775 299.538544 192.614288
gray000073 0.003975 344.768097 250.486526 410.134064 276.495880
gray000073 0.002967 316.429352 296.086945 333.637909 321.359344
gray000073 0.002619 326.069763 202.438080 419.934631 292.427948
gray000073 0.002173 259.992340 292.278625 300.604828 333.776978
gray000074 0.001019 376.725281 316.430298 384.901550 331.083984
gray000075 0.343893 312.915161 286.995819 347.649231 366.599396
gray000076 0.757861 156.959106 122.354240 322.581635 275.743378
gray000076 0.001559 121.998131 30.644882 362.630920 325.056763
gray000076 0.001530 206.421646 88.489548 284.560669 285.123047
gray000077 0.014458 199.475510 359.047913 206.758163 367.303162
gray000077 0.008026 199.172638 355.017487 208.205780 363.327179
gray000077 0.002743 184.904892 354.500183 191.500412 360.197083
gray000077 0.002012 192.532928 356.481079 200.693054 361.319458
gray000077 0.001684 193.288498 360.615845 198.918289 365.238342
gray000077 0.001589 176.041916 352.982971 185.731400 361.879822
gray000077 0.001531 195.157440 349.198944 213.788116 368.832184
gray000077 0.001316 225.564743 242.866867 262.643860 263.561523
gray000078 0.231105 331.610077 239.727463 385.215729 299.231995
gray000078 0.003546 335.362366 228.565125 404.458801 327.439941
gray000079 0.480180 120.904709 100.658539 363.679199 258.514801
gray000079 0.077797 145.742935 11.524704 334.421631 344.044861
gray000079 0.004112 147.901642 134.591415 335.875153 223.398392
gray000079 0.001723 77.681564 124.297554 467.794006 341.903809
gray000079 0.001311 286.021851 8.028099 451.642517 211.981720
gray000080 0.330181 348.315796 256.851715 382.790527 331.145660
gray000080 0.061915 356.401520 280.999786 391.713104 332.602142
gray000080 0.014576 337.959503 263.917572 377.368744 290.220978
gray000080 0.003178 365.843231 286.100800 381.420258 331.937286
gray000080 0.002149 348.488708 258.699677 366.394653 294.032196
gray000080 0.001747 370.983673 288.257935 386.935211 328.421997
gray000081 0.881902 141.127106 265.561890 194.979034 318.244507
gray000081 0.001822 357.876099 256.630676 422.218811 297.851074
gray000081 0.001251 137.650528 281.314636 195.259354 304.283203
gray000082 0.168889 271.286285 280.525452 309.584259 308.230774
gray000082 0.032588 139.949982 254.934982 159.619690 264.619354
gray000082 0.009749 135.798798 250.256958 161.639771 270.005432
gray000082 0.004365 276.552399 282.640106 296.931793 313.381805
gray000082 0.003345 356.725159 296.437347 403.034851 322.474823
gray000082 0.003340 148.890060 255.793533 159.978348 262.910309
gray000083 0.387001 133.972794 323.278595 166.107437 384.481964
gray000083 0.013307 120.591469 336.494629 179.448395 364.661682
gray000083 0.001193 146.444427 325.564575 163.479889 372.840332
gray000084 0.358028 138.526459 219.945663 156.889587 251.197495
gray000084 0.146234 129.324936 215.109985 164.362778 255.401703
gray000084 0.001089 241.688568 167.292511 253.959625 176.870087
gray000085 0.679844 133.723312 268.268951 224.665359 332.848846
gray000085 0.002445 154.247208 262.667114 193.975754 331.738159
gray000086 0.794880 144.672546 238.269104 192.165344 287.733582
gray000086 0.011044 150.704514 255.094513 189.925735 280.061066
gray000087 0.968361 264.850769 150.795868 361.182129 229.813263
gray000088 0.415916 315.745911 212.487228 380.181702 264.420746
gray000089 0.406088 103.508232 255.466171 169.641846 318.479004
gray000089 0.001072 130.201721 261.483856 166.138641 312.249176
gray000090 0.132773 179.300537 223.749557 310.744690 327.651062
gray000090 0.036897 210.627426 249.447205 285.249756 309.529419
gray000090 0.001925 271.156494 182.938828 326.142212 212.777267
gray000090 0.001740 294.960968 310.974121 305.692535 321.899292
gray000090 0.001063 183.584869 257.051758 260.844940 301.670593
gray000091 0.436624 147.172150 138.973999 319.788788 290.243835
gray000091 0.185930 183.642761 198.484894 287.409424 278.206055
gray000091 0.082361 278.938202 163.448959 309.700653 185.384720
gray000091 0.023811 183.211563 237.824249 249.119583 282.311493
gray000091 0.005929 208.425537 157.445770 284.926605 310.560516
gray000091 0.005084 286.591980 167.536285 301.581726 180.229004
gray000091 0.002787 184.052490 247.494110 227.759125 273.686432
gray000091 0.002000 265.243866 151.751404 328.679596 193.769104
gray000091 0.001634 290.942535 159.388626 307.470306 189.655075
gray000091 0.001292 280.260529 151.120392 313.209686 207.866577
gray000091 0.001062 287.479340 173.154541 299.589508 185.935669
gray000092 0.163937 110.898102 297.529480 142.726456 323.316772
gray000092 0.004860 107.446541 285.996979 158.766296 329.840790
gray000092 0.001699 123.232086 298.786743 139.749939 329.654541
gray000093 0.234052 289.607697 212.334671 329.325226 263.886993
gray000093 0.014231 183.135956 70.313408 354.343658 296.154785
gray000093 0.010698 280.957458 224.382416 324.968445 252.605743
gray000093 0.002095 295.830292 230.166336 332.590729 254.930374
gray000093 0.002069 299.303589 219.201569 317.847290 258.083618
gray000094 0.016507 105.152931 240.124207 143.307465 289.504822
gray000094 0.001788 109.275566 255.008316 153.272461 281.139801
gray000094 0.001372 116.785072 252.564590 133.728424 285.109009
gray000095 0.220668 140.204742 246.971268 187.950409 289.883942
gray000095 0.016451 153.654617 247.563690 174.805649 288.728729
gray000095 0.015757 16.004551 437.128510 26.557983 448.946625
gray000095 0.002406 15.704943 430.706787 27.282789 455.722839
gray000096 0.478332 369.998108 251.449829 417.439392 291.430786
gray000096 0.003191 381.219421 253.983643 401.926453 288.245972
gray000097 0.370701 389.439087 318.355164 422.494202 344.997742
gray000097 0.316664 382.464325 307.803223 431.980682 353.219727
gray000097 0.001854 99.725357 240.841614 104.713608 249.348206
gray000097 0.001820 399.314148 324.559845 413.224487 339.146149
gray000098 0.052391 199.023743 254.964050 260.198090 310.797363
gray000098 0.017884 220.014282 245.841278 330.513062 309.406708
gray000098 0.012766 150.900024 262.702118 280.526611 330.050262
gray000098 0.003713 201.959198 300.991516 235.884094 352.988281
gray000098 0.002701 262.790344 271.443909 330.229797 322.559387
gray000098 0.002645 121.039177 38.248802 363.627777 252.608673
gray000098 0.002433 206.995392 92.164291 325.706512 199.888443
gray000098 0.001420 211.342178 264.044952 245.864944 318.996307
gray000098 0.001324 189.932648 269.570770 246.003174 348.263947
gray000098 0.001093 239.139191 294.845459 293.022308 331.661621
gray000099 0.340040 62.841843 243.902954 123.681534 290.640198
gray000099 0.012225 26.420074 237.200699 147.092697 297.959991
gray000099 0.010875 72.136963 251.532028 114.803787 275.888092
gray000099 0.006475 60.878880 221.299347 159.385483 284.327484
gray000099 0.001256 46.724335 203.566437 177.746979 339.099457
