gray000000 0.001054 85.504517 107.091904 395.333984 373.761719
gray000001 0.753046 375.993530 257.083740 417.581543 292.242188
gray000002 0.755785 132.275818 343.834839 181.255188 383.469849
gray000002 0.006592 142.460159 350.946838 170.977402 376.654053
gray000002 0.002288 130.597870 331.881104 201.392426 396.691467
gray000002 0.002268 162.584686 233.507721 217.446259 273.709839
gray000003 0.800540 270.109589 275.369202 303.855560 305.902771
gray000004 0.838317 131.302704 302.214355 165.026886 336.263672
gray000004 0.015169 133.560257 310.325531 153.631668 334.826385
gray000004 0.002534 145.359344 305.423187 162.085663 340.252838
gray000005 0.074076 200.458694 287.990723 207.970352 297.183472
gray000005 0.008252 198.607635 285.984253 210.359375 299.453918
gray000005 0.002532 209.675354 348.009003 216.910980 353.603790
gray000006 0.677142 316.001312 275.664856 338.842194 290.384705
gray000006 0.171916 316.151642 266.830139 341.582977 300.446350
gray000006 0.010046 82.688324 151.718689 460.972626 454.527649
gray000006 0.001036 241.279251 235.016510 371.197815 370.119232
gray000007 0.014969 276.490234 262.644409 322.746521 300.867004
gray000007 0.005863 154.567276 257.455719 205.010239 316.023407
gray000009 0.632035 375.323486 259.489105 413.307007 289.439240
gray000009 0.001524 373.936005 265.968750 392.799225 287.564819
gray000010 0.010552 223.208817 65.527603 228.533432 69.057510
gray000011 0.817914 128.761047 226.722580 159.372986 260.585327
gray000013 0.768282 135.385162 338.154785 190.193115 386.426514
gray000013 0.001853 108.902634 313.497467 226.200424 411.997650
gray000013 0.001266 145.887589 350.421875 181.353958 376.465210
gray000014 0.369504 189.968140 234.767929 207.005676 245.659470
gray000014 0.001953 184.907288 228.696808 214.485992 258.762878
gray000015 0.957514 330.043243 290.671875 370.061676 335.097595
gray000016 0.897608 96.841316 246.232147 191.415680 346.568573
gray000016 0.001620 17.031479 200.644058 270.062439 404.140625
gray000017 0.062387 224.561722 297.705688 275.779541 356.865540
gray000017 0.003362 219.994766 301.698975 252.818863 353.557800
gray000018 0.010693 210.628448 283.765930 264.788330 353.451904
gray000018 0.006495 111.481491 291.763916 153.612137 328.296692
gray000018 0.002178 150.351791 275.662659 184.615189 311.530090
gray000019 0.001957 108.075417 162.970856 168.932846 209.709167
gray000019 0.001102 86.465546 156.683319 188.976868 342.932678
gray000020 0.988118 116.980507 259.562836 181.087189 328.926666
gray000020 0.002516 95.744843 245.450821 199.588287 345.448029
gray000021 0.943560 344.871338 310.787750 372.020142 347.671844
gray000021 0.003649 334.066467 302.016266 381.815369 357.093475
gray000022 0.480482 306.070984 288.602081 354.117371 319.073090
gray000022 0.014166 308.038055 289.035553 331.635895 316.904205
gray000023 0.951086 311.099030 270.807526 337.027557 297.807404
gray000025 0.001466 180.539780 335.958740 187.083694 342.395264
gray000026 0.095471 106.722641 269.906677 177.560287 325.551331
gray000027 0.002311 264.200226 249.312546 304.680817 286.212097
gray000029 0.939022 286.204865 255.845795 330.609406 298.506378
gray000030 0.064781 99.796242 232.655502 204.807983 324.801758
gray000031 0.932818 162.163818 324.168304 198.960175 361.069977
gray000032 0.825063 151.130554 236.317017 196.100037 274.662201
gray000032 0.012958 160.358429 243.851654 187.612335 272.021271
gray000034 0.005122 134.991043 233.388977 174.604752 272.179871
gray000034 0.004043 279.948730 219.919525 288.678101 225.578735
gray000035 0.975599 138.746231 219.971313 229.575516 309.419922
gray000035 0.001620 44.289139 151.403473 310.089417 392.166290
gray000036 0.052021 138.164429 246.653152 146.554932 252.670303
gray000036 0.001909 136.580658 245.583557 148.696228 255.233856
gray000036 0.001300 398.505310 387.035645 474.621521 434.736084
gray000037 0.975249 141.113403 327.948242 208.415405 388.403748
gray000037 0.001066 118.825989 310.489807 232.572754 407.314026
gray000038 0.953364 319.978210 297.833252 399.561523 375.864990
gray000038 0.003276 326.265869 312.757080 389.189392 356.871094
gray000038 0.001802 210.170670 201.224899 512.000000 472.108215
gray000039 0.021383 195.210678 291.748840 238.178238 323.381409
gray000039 0.004514 149.996170 286.692474 226.908707 331.177887
gray000039 0.003467 200.748734 292.934357 229.337906 313.204254
gray000040 0.392557 134.192978 220.775101 158.121475 250.739639
gray000041 0.517138 148.120499 243.269867 228.825546 314.088654
gray000041 0.001461 167.383728 248.162064 223.126038 292.080444
gray000042 0.001247 135.576965 268.168304 150.634186 285.812408
gray000043 0.058637 391.146301 301.586212 404.903748 309.582245
gray000043 0.042239 172.602768 235.043442 217.756790 294.472412
gray000043 0.003788 388.113007 299.057465 407.890045 313.513031
gray000044 0.031722 175.733261 270.758026 215.699203 315.775360
gray000045 0.850588 110.488434 263.179199 191.856323 354.182251
gray000045 0.001708 242.977676 207.551117 253.836166 218.806274
gray000045 0.001187 34.544495 169.093430 257.872772 442.993958
gray000045 0.001037 80.782669 261.546814 215.905655 385.076294
gray000046 0.009959 242.330032 194.108948 251.137314 206.532104
gray000046 0.001043 239.195938 190.845764 253.651047 209.371277
gray000047 0.912370 255.358612 322.237793 303.838043 377.687683
gray000047 0.011293 214.259262 314.179260 258.698242 344.141357
gray000047 0.010124 265.759399 332.454498 291.148865 366.137421
gray000049 0.955198 167.557404 268.781555 202.809937 316.987427
gray000049 0.006008 170.154510 264.460541 193.616486 277.494904
gray000049 0.005838 166.181030 266.389954 197.961456 291.536316
gray000050 0.958211 59.797974 252.845383 124.139801 289.114929
gray000050 0.005075 75.990997 254.536469 110.120560 283.976349
gray000051 0.664084 329.902130 277.175964 381.856964 341.878601
gray000051 0.002298 306.128296 249.543488 410.458435 362.429108
gray000051 0.001688 312.213806 264.611847 350.577576 331.250458
gray000051 0.001605 312.840393 271.071960 333.679077 312.530090
gray000051 0.001540 345.226624 292.268951 365.942078 326.874359
gray000052 0.745972 123.043427 195.953964 169.486542 234.609726
gray000053 0.001779 15.519203 472.444489 157.391571 506.816620
gray000054 0.001163 217.010849 249.028061 270.824463 339.315857
gray000055 0.710704 151.556137 231.071243 157.471390 235.666519
gray000055 0.009734 149.642578 229.215057 160.574890 238.993622
gray000055 0.006395 149.909790 228.824081 155.804901 236.469742
gray000056 0.943318 66.316101 248.049179 118.967651 287.875671
gray000057 0.066840 249.449615 218.868729 313.032990 250.563766
gray000058 0.965819 162.343277 227.018036 200.058243 274.364166
gray000058 0.024033 171.228271 231.343353 190.798218 270.679230
gray000059 0.966567 140.366776 266.243103 212.151138 338.988403
gray000059 0.001094 19.145584 146.062622 333.895081 464.798279
gray000060 0.958133 98.466782 222.856506 165.890945 281.920837
gray000060 0.008432 80.879646 202.846817 188.889374 299.000305
gray000061 0.673344 231.280746 303.518799 286.883331 368.369629
gray000062 0.895888 102.310555 293.611572 138.610657 326.355774
gray000062 0.003330 256.943329 189.064484 361.645477 367.407806
gray000062 0.001675 471.052399 289.449982 506.817841 438.348297
gray000062 0.001540 180.416412 147.557312 429.738678 457.158569
gray000063 0.230051 320.177246 275.195587 345.949707 300.706451
gray000063 0.003841 406.415405 385.485474 465.352478 437.444336
gray000064 0.926393 339.729553 167.539642 434.281006 256.173584
gray000065 0.354532 147.998108 291.469330 160.899933 299.780792
gray000065 0.020205 145.068726 292.597382 164.157990 302.642487
gray000066 0.035110 226.360962 290.140747 275.586487 330.007141
gray000066 0.012489 208.031418 282.850525 229.368515 301.982727
gray000066 0.008818 203.715744 278.617126 237.366714 312.983459
gray000066 0.002360 234.463791 291.435577 267.847656 313.942841
gray000067 0.716305 209.152664 352.135254 227.075424 366.785645
gray000067 0.009329 205.934265 348.760437 230.839417 373.255859
gray000067 0.007062 320.806335 380.151093 326.502014 384.468231
gray000067 0.001116 1.000000 467.892517 93.844070 511.968689
gray000068 0.054395 52.659916 188.058212 127.096069 241.143295
gray000068 0.001068 25.299351 155.930542 147.625656 267.221436
gray000069 0.708276 127.147552 221.011276 167.228729 268.787964
gray000069 0.019552 134.437332 220.353745 151.609482 268.375366
gray000069 0.004558 322.525604 285.507507 333.606110 299.877136
gray000069 0.001662 321.158691 264.670441 342.903748 287.230072
gray000069 0.001064 321.768951 273.939575 333.152557 297.820557
gray000070 0.911099 355.817474 327.886108 389.946198 352.193420
gray000072 0.021281 143.667618 278.569550 186.085556 339.853729
gray000073 0.174301 210.462097 159.981628 295.918793 209.341125
gray000073 0.006170 199.641602 250.996887 288.557709 305.203735
gray000073 0.004723 210.642624 244.864105 263.219391 291.797150
gray000073 0.004390 199.882935 135.681198 324.858337 228.552536
gray000075 0.974416 305.298981 293.467072 354.096893 366.254791
gray000075 0.001863 279.083313 270.441040 383.126038 389.458191
gray000076 0.020020 161.687500 111.360756 324.565216 248.056030
gray000078 0.925645 326.459839 233.019852 392.935608 308.430847
gray000078 0.016107 311.321869 214.183075 412.871857 327.608124
gray000080 0.800143 336.687286 255.188782 395.636017 334.697571
gray000080 0.013983 338.934235 250.316055 362.137665 291.880615
gray000080 0.005243 346.827026 242.238144 373.418823 343.963440
gray000080 0.003220 317.015015 240.639496 416.685303 351.509369
gray000080 0.001884 334.628265 250.384094 368.211029 314.865356
gray000081 0.065991 132.633560 265.079224 195.809189 319.681641
gray000081 0.001380 130.117355 256.609131 186.247513 297.969543
gray000082 0.114400 269.892273 280.173584 302.313965 312.794617
gray000082 0.001239 180.474548 251.255875 226.199738 367.345642
gray000083 0.954186 130.104355 334.430817 167.418930 378.895905
gray000084 0.290224 133.225922 221.185440 159.039185 251.020340
gray000084 0.001089 125.273598 211.698761 167.577118 261.353729
gray000085 0.966567 140.366776 266.243103 212.151138 338.988403
gray000085 0.001094 19.145584 146.062622 333.895081 464.798279
gray000086 0.499060 132.399017 230.045776 194.526520 292.357605
gray000086 0.001540 96.970993 208.831863 211.872513 318.035034
gray000087 0.007254 165.177734 117.062195 312.101318 188.019836
gray000087 0.002100 267.362915 139.919510 361.163513 229.349472
gray000087 0.001545 126.803566 108.238037 348.703949 232.635651
gray000088 0.932086 315.511169 207.834671 393.337524 281.927673
gray000088 0.016576 323.615906 221.458862 378.061768 268.082245
gray000089 0.802864 102.919106 261.079803 168.761139 322.806610
gray000089 0.002973 89.190605 242.689697 187.207428 346.274597
gray000091 0.794301 175.857544 208.951019 249.566650 291.166809
gray000091 0.011808 160.961411 124.676491 303.767761 300.806641
gray000091 0.011020 185.810913 229.722794 238.449493 275.113373
gray000091 0.001375 91.230476 91.274460 329.153046 388.527344
gray000092 0.010693 210.628448 283.765930 264.788330 353.451904
gray000092 0.006495 111.481491 291.763916 153.612137 328.296692
gray000092 0.002178 150.351791 275.662659 184.615189 311.530090
gray000093 0.005293 75.934357 71.050659 403.214325 345.576630
gray000095 0.940342 143.527237 246.476929 181.512131 291.721680
gray000096 0.793800 376.651917 254.513382 410.440735 288.452179
gray000096 0.001327 364.829620 250.581039 403.249542 300.731537
gray000097 0.934402 388.882019 315.737549 423.600403 349.747131
gray000098 0.002977 181.395950 272.847046 244.249496 332.409363
gray000098 0.001683 278.895691 285.425323 308.321899 302.830536
gray000098 0.001231 179.841599 248.041946 246.527542 311.872620
gray000099 0.378941 68.226021 248.195816 123.196358 288.534302
gray000099 0.011333 77.628128 255.463928 112.865997 280.409729
