gray000000 0.023657 233.105652 159.753906 316.107483 262.802948
gray000000 0.013248 206.259949 265.595001 282.684784 350.921722
gray000000 0.005826 378.104767 256.577637 438.220612 309.567749
gray000000 0.005820 207.746094 276.116852 261.104279 323.085236
gray000000 0.003551 188.875214 134.486725 341.935638 286.139648
gray000000 0.001693 221.544373 279.860718 306.337585 337.894409
gray000000 0.001421 163.159180 200.813828 366.310852 355.078918
gray000001 0.499938 381.045654 261.957703 416.983215 287.345459
gray000001 0.007819 393.383331 258.635529 410.485748 291.170380
gray000002 0.896402 128.170120 334.948730 197.852036 384.632751
gray000002 0.002010 71.091103 151.092773 159.963318 276.972961
gray000003 0.482406 271.301636 279.173340 304.044922 304.642700
gray000003 0.034663 267.041840 265.555542 316.924164 308.195618
gray000003 0.001200 107.144653 248.751984 160.299896 279.284332
gray000004 0.243956 127.286171 306.134613 158.514694 329.171417
gray000004 0.053150 127.200455 289.569153 175.117783 338.948486
gray000004 0.012889 133.193832 309.277313 151.970413 335.878815
gray000004 0.005866 135.104324 311.283905 149.688004 325.437775
gray000004 0.003514 116.341934 272.617645 187.765244 355.340668
gray000004 0.002542 154.670410 233.634247 205.011322 359.652313
gray000004 0.001747 139.658981 316.304993 154.176712 330.434937
gray000004 0.001501 61.896698 189.430984 120.746490 249.202744
gray000004 0.001471 56.760239 153.219788 124.209213 285.529419
gray000004 0.001372 179.795197 174.970016 215.237518 201.410477
gray000004 0.001211 101.235382 286.620972 115.485565 315.638794
gray000005 0.894356 198.606705 288.231873 207.779465 298.776184
gray000005 0.094604 195.740158 286.245544 211.913162 300.124573
gray000005 0.023492 221.518265 224.582108 236.008316 234.708328
gray000005 0.015327 214.221542 220.973587 245.490005 239.251389
gray000005 0.013200 199.266220 291.531036 207.103958 303.268219
gray000005 0.011619 151.712524 259.857971 213.171875 309.217224
gray000005 0.010484 194.895248 294.008179 201.376450 300.932983
gray000005 0.006739 200.693542 282.615326 209.240417 294.938629
gray000005 0.006106 228.559921 225.139801 243.393448 234.476776
gray000005 0.005604 196.204071 289.958313 205.141113 297.862061
gray000005 0.005273 155.204224 267.535583 189.395966 322.246948
gray000005 0.004959 149.311630 292.799805 197.645584 325.678101
gray000005 0.003503 217.081467 225.306549 227.332352 234.445892
gray000005 0.003270 216.831406 225.314697 255.269821 248.596191
gray000005 0.002928 145.518173 263.568268 184.672440 292.021149
gray000005 0.002137 216.761734 230.417175 226.109665 241.342865
gray000005 0.001488 222.736526 229.692047 233.703506 241.021698
gray000005 0.001383 166.154633 274.095398 197.117279 296.685120
gray000005 0.001325 188.610214 231.154449 250.267502 270.772675
gray000005 0.001268 256.153168 231.704041 266.118744 244.337250
gray000005 0.001200 148.376404 302.006897 182.596313 329.820374
gray000005 0.001163 215.152390 238.352310 227.028915 251.276016
gray000006 0.284894 321.824646 273.185883 337.900635 294.683380
gray000006 0.104661 207.513336 279.001068 218.070648 290.860199
gray000006 0.023857 204.651733 274.425629 220.993286 295.474762
gray000006 0.006690 313.833679 265.592346 337.270935 305.157593
gray000006 0.004924 289.567780 271.182953 340.020599 315.031097
gray000006 0.004019 277.297638 280.790649 310.721954 303.715027
gray000006 0.002687 286.295135 279.936737 301.870819 304.738617
gray000006 0.002108 292.367401 280.455017 309.675140 318.811279
gray000006 0.001123 253.033905 279.466644 314.797638 314.441864
gray000007 0.892189 148.154083 270.048126 216.489166 314.264374
gray000007 0.001678 164.540329 277.692566 211.596207 305.035278
gray000007 0.001284 159.478088 265.615936 191.308197 318.809174
gray000008 0.187603 321.729218 255.638016 369.363190 306.730286
gray000008 0.036409 330.498444 262.435394 365.259125 291.050140
gray000008 0.001280 304.275818 304.698853 329.823425 327.284241
gray000008 0.001262 342.870087 232.164108 352.928436 244.307632
gray000009 0.556311 382.302246 263.509247 413.537109 285.192657
gray000009 0.034070 372.910187 259.481415 420.047699 292.002228
gray000009 0.006623 331.584198 294.450073 423.119843 334.188477
gray000009 0.003218 394.399445 259.115753 409.507294 290.082733
gray000009 0.001122 387.165527 267.422729 406.840332 282.119263
gray000010 0.141046 314.375000 300.507355 373.643372 352.640900
gray000010 0.034760 299.158203 269.738159 364.062256 359.898071
gray000010 0.018092 332.612488 305.072754 349.336426 344.046936
gray000010 0.014500 311.917603 287.948669 349.965820 344.078186
gray000010 0.008344 165.442795 272.653931 233.930588 326.026672
gray000010 0.007055 427.132751 263.560608 453.307800 331.503906
gray000010 0.006551 444.861877 291.623596 503.958557 339.086914
gray000010 0.005805 437.080200 274.141785 451.743042 311.626892
gray000010 0.004471 449.744293 162.927704 500.357330 239.516968
gray000010 0.003344 169.545380 221.792435 176.894592 233.383041
gray000010 0.002743 170.231674 217.819366 177.236069 226.599304
gray000010 0.002193 457.749298 175.000153 487.283722 233.562927
gray000010 0.001752 171.093994 168.235687 176.017761 177.116669
gray000010 0.001347 340.556335 301.024414 353.191650 348.747864
gray000010 0.001304 328.957489 275.850311 381.724457 380.991486
gray000010 0.001143 450.945618 268.013031 494.414856 362.632599
gray000011 0.484976 129.866699 231.543335 157.655090 256.252045
gray000011 0.016013 128.507507 221.771805 172.386566 254.427841
gray000011 0.001507 129.237625 264.245544 137.599350 276.456970
gray000011 0.001282 135.370880 235.685257 151.180878 253.054153
gray000012 0.865370 77.420380 259.724701 190.247711 341.298065
gray000012 0.002428 41.578842 241.692734 208.691116 365.383118
gray000013 0.880989 131.407257 331.416321 198.519775 393.175964
gray000013 0.001145 73.072891 164.956497 154.372208 266.591614
gray000014 0.416458 192.836960 234.953934 206.925247 246.045303
gray000014 0.076108 186.450363 233.223282 212.597916 247.313248
gray000014 0.003549 161.830978 233.661438 169.875748 239.088593
gray000015 0.603688 328.146393 285.868378 373.923187 331.250885
gray000015 0.047855 341.006592 291.362762 359.780151 329.054840
gray000015 0.002142 334.692627 207.508499 377.836914 232.857529
gray000015 0.001535 107.359024 271.867188 163.129196 331.155334
gray000016 0.779617 93.545547 239.727051 187.499466 352.557007
gray000016 0.007479 373.684479 335.610870 387.647614 348.028290
gray000016 0.005187 374.670502 330.186462 402.583466 351.073486
gray000016 0.002281 370.685394 336.054169 379.671967 345.722626
gray000016 0.001269 395.272095 44.276649 512.000000 249.843933
gray000017 0.441436 226.006912 287.549225 275.174927 361.519623
gray000017 0.046299 294.897827 232.316193 305.115601 243.194427
gray000017 0.005991 277.756622 290.688507 307.477081 338.855072
gray000017 0.004523 259.106171 291.874023 299.592682 340.883240
gray000017 0.001656 291.016663 233.995209 299.532410 242.097992
gray000017 0.001618 292.516510 229.707977 309.255463 245.098083
gray000017 0.001407 243.090881 252.973755 314.423523 343.574585
gray000017 0.001057 295.835358 236.422165 304.038544 249.050735
gray000018 0.134967 117.250900 290.033173 135.951004 324.517853
gray000018 0.077441 118.982697 286.326630 147.872681 330.644928
gray000018 0.003628 95.000206 266.849213 185.629791 337.253876
gray000018 0.001512 92.146309 280.992065 128.212204 317.860168
gray000018 0.001246 164.945221 267.944244 181.193329 300.395660
gray000018 0.001152 172.578217 269.181946 187.383057 299.457092
gray000019 0.080497 217.011490 144.187561 437.398132 279.765076
gray000019 0.019684 89.030380 284.774963 120.089188 334.079407
gray000019 0.016390 75.486511 136.260773 213.691833 356.829437
gray000019 0.006888 73.614548 270.818604 111.024811 322.514404
gray000019 0.002285 67.414520 297.227661 169.411774 380.865234
gray000019 0.002114 89.441948 253.727539 118.158592 311.168884
gray000019 0.001839 93.989273 290.279297 143.271011 333.093384
gray000019 0.001367 348.464844 342.165985 406.523193 379.949677
gray000019 0.001306 358.708740 352.709198 386.301636 379.890656
gray000019 0.001258 101.680161 265.930603 134.002319 326.974976
gray000020 0.811624 117.373917 259.058350 179.885513 324.731567
gray000021 0.312659 349.054688 307.739502 366.416565 352.453674
gray000021 0.034014 335.270630 308.300598 379.650513 348.673584
gray000022 0.384228 305.314697 292.662659 340.985718 319.009583
gray000022 0.002153 306.878143 276.903961 331.891388 337.073456
gray000023 0.697749 310.499634 273.549805 335.781311 295.604675
gray000023 0.004563 312.366150 278.136688 328.333801 293.034515
gray000023 0.002262 314.992645 271.718018 342.718781 311.126343
gray000024 0.838972 290.155792 287.500275 365.348907 333.638580
gray000024 0.015085 143.311157 288.493958 201.388916 332.197632
gray000024 0.002171 304.954773 279.394684 377.816528 376.865143
gray000025 0.067364 204.652039 157.339447 342.858765 256.215942
gray000025 0.008364 100.229622 193.613022 143.320190 306.424286
gray000025 0.002796 323.166840 351.261261 329.459137 359.096588
gray000026 0.957408 101.796295 276.271729 176.365143 316.895752
gray000026 0.001339 406.657440 302.003387 422.824432 328.745087
gray000027 0.382067 203.201004 214.103546 241.699356 285.167938
gray000027 0.008366 206.860062 205.858994 291.001831 328.958099
gray000027 0.002811 264.975433 161.084717 352.427521 250.886566
gray000027 0.001481 234.019135 191.719833 319.751678 297.960907
gray000028 0.500789 194.059418 275.102783 246.727142 353.894470
gray000028 0.006674 284.028870 250.018829 347.763367 307.218292
gray000028 0.003162 300.483459 253.216843 329.227966 301.654755
gray000028 0.002152 202.779099 303.228088 240.681351 373.071777
gray000028 0.001412 309.773621 243.368607 340.132263 292.795349
gray000028 0.001149 302.033569 255.239182 343.716858 281.732056
gray000029 0.742513 283.114288 260.120605 331.460785 299.669617
gray000030 0.386807 104.462067 211.670929 207.843109 327.863129
gray000031 0.811631 162.173218 328.688660 196.085510 353.331055
gray000031 0.073666 149.523041 320.272461 201.561401 360.836914
gray000032 0.485081 150.184906 234.098892 196.384308 272.522522
gray000032 0.080177 162.946457 232.874969 181.808365 271.386749
gray000032 0.004771 174.238632 294.644592 202.998306 324.304138
gray000033 0.012936 205.281570 206.895355 217.056107 218.293915
gray000033 0.007719 245.801239 109.109718 356.301361 250.017426
gray000033 0.003754 282.798309 185.581482 385.341278 289.195465
gray000033 0.002467 201.609070 206.748016 212.968170 216.082306
gray000033 0.001060 329.190887 178.470535 390.460846 229.816513
gray000034 0.666382 120.567337 234.140839 180.096848 290.623138
gray000034 0.003646 135.447678 246.544571 178.988174 278.218964
gray000035 0.329143 139.781250 227.437698 229.998718 327.120728
gray000035 0.002588 87.522247 229.850739 224.666748 388.951019
gray000035 0.002158 420.593323 236.870682 512.000000 322.995514
gray000035 0.001220 285.613617 307.055176 340.226593 375.684021
gray000035 0.001205 200.852768 393.857178 213.421829 402.040161
gray000036 0.934192 135.099762 244.472351 147.866852 255.222931
gray000036 0.002903 140.582184 244.134201 150.003510 253.243149
gray000036 0.001125 130.729248 245.652023 142.822052 254.011551
gray000037 0.840606 149.583481 326.512024 202.474472 385.356567
gray000037 0.002110 149.874741 344.742493 197.710678 370.918640
gray000038 0.743320 316.299835 293.163422 406.402313 368.964386
gray000038 0.014534 70.831329 242.210327 136.964966 353.846375
gray000038 0.004441 222.517395 147.975235 237.256744 166.919632
gray000038 0.004171 213.453659 147.197464 246.459000 167.287796
gray000038 0.001565 278.566223 279.258881 454.926941 390.984650
gray000038 0.001248 255.246170 147.670273 283.675049 167.450699
gray000039 0.048256 138.713013 318.736023 166.965149 364.309326
gray000039 0.013570 155.657608 309.695557 179.297470 354.054077
gray000039 0.005445 127.720558 322.930206 152.272308 361.972687
gray000039 0.005087 75.731667 340.438354 128.390442 386.875854
gray000039 0.004248 142.722717 313.093811 154.711121 352.308960
gray000039 0.003466 165.071106 322.449097 181.180054 356.258972
gray000039 0.003322 170.856415 323.175903 188.094452 357.440125
gray000039 0.003251 126.565948 308.201385 177.968628 356.996613
gray000039 0.001929 136.891022 243.801620 227.584167 319.487183
gray000039 0.001114 149.529938 311.932312 163.102875 353.802734
gray000040 0.645013 137.282654 221.460220 154.326111 251.892532
gray000040 0.004304 132.833817 220.454727 161.535660 265.920776
gray000040 0.002923 140.088013 227.004333 151.687317 246.240082
gray000041 0.688328 159.959808 253.147736 221.064178 306.273712
gray000042 0.425056 131.969772 272.407043 161.306046 297.249207
gray000042 0.038111 136.200195 265.630676 163.600037 313.762024
gray000042 0.001643 326.542786 264.206451 423.379456 345.798981
gray000042 0.001465 138.827332 276.204742 154.456390 294.061493
gray000043 0.686072 173.798935 221.987091 208.272507 297.475983
gray000044 0.402338 180.165192 272.302032 221.270416 311.075470
gray000044 0.007945 191.095566 271.831757 212.901047 304.117645
gray000044 0.002463 303.490479 281.612457 353.227356 340.300690
gray000045 0.648726 119.746933 245.292603 185.617630 347.459534
gray000045 0.039894 82.979446 249.839661 212.521896 361.867615
gray000046 0.154665 84.041214 173.496307 211.897873 327.075012
gray000046 0.012799 89.520660 227.482529 156.738144 330.787872
gray000047 0.157477 254.559418 302.413208 307.665558 358.340027
gray000047 0.001939 250.272583 236.687408 348.918030 317.751862
gray000047 0.001728 222.606018 273.570801 322.532166 336.972168
gray000047 0.001535 184.277832 218.815002 252.025146 279.205841
gray000047 0.001481 269.438416 235.196716 323.237793 288.329712
gray000047 0.001451 217.034714 210.427078 322.024689 282.512604
gray000047 0.001053 265.255646 264.699493 318.152374 363.307098
gray000049 0.900641 164.965729 272.249756 212.257782 315.969299
gray000050 0.718944 59.747429 247.581863 125.549843 294.335510
gray000050 0.008040 64.918259 258.090424 119.193024 282.370514
gray000050 0.004268 132.691422 244.032837 204.911484 303.215027
gray000050 0.003516 135.927185 262.591705 178.092712 286.701813
gray000050 0.001444 170.237457 281.281952 178.346252 287.204742
gray000050 0.001022 97.931198 255.181595 172.160416 299.295929
gray000051 0.488124 330.573090 278.384583 388.985504 339.985901
gray000051 0.010548 59.405380 273.793945 161.554749 342.636780
gray000051 0.004959 81.008308 308.766663 156.627869 347.990112
gray000051 0.002471 390.511627 246.094284 481.914886 311.928528
gray000051 0.001443 388.925903 272.974731 471.066650 335.450684
gray000052 0.797217 115.343575 192.062073 164.223145 235.855072
gray000052 0.463011 121.353561 201.817276 160.086014 225.051315
gray000052 0.003736 213.376785 400.891754 229.444168 408.812286
gray000052 0.003185 207.642242 395.617310 235.396088 412.084717
gray000052 0.003134 204.256622 390.909454 238.678436 406.303192
gray000052 0.001057 220.244049 400.164185 235.925568 407.881409
gray000053 0.337861 222.640137 145.506409 276.523712 253.710022
gray000053 0.053658 185.510757 158.141479 317.484680 245.811768
gray000053 0.002444 175.801483 122.697479 356.616791 286.129303
gray000053 0.001341 245.259384 182.770447 277.845032 244.410645
gray000054 0.630810 123.256645 241.124527 179.287964 288.735687
gray000054 0.187944 139.730774 255.999542 173.078552 283.690399
gray000054 0.001005 51.690590 1.000000 225.660950 244.613007
gray000055 0.905861 152.638290 229.862595 155.593826 233.143631
gray000055 0.212105 152.456589 232.509567 155.357651 234.746414
gray000055 0.081357 151.277466 229.770462 154.107178 233.663773
gray000055 0.069354 150.422867 232.224503 153.329391 235.529099
gray000055 0.026171 205.257660 208.990479 218.153992 217.703094
gray000055 0.018094 246.119705 232.455399 256.745514 242.771347
gray000055 0.006098 145.831879 248.690308 149.211517 251.458008
gray000055 0.004635 154.625946 222.238083 157.433899 227.480911
gray000055 0.003447 202.415482 207.600189 212.296921 218.037476
gray000055 0.002998 203.248306 204.590515 220.138412 221.345062
gray000055 0.002029 241.761505 233.453934 249.303406 241.799332
gray000055 0.001976 208.206299 216.302689 216.194183 222.046524
gray000055 0.001945 234.466507 232.772766 242.428329 241.504211
gray000055 0.001540 249.204620 237.578842 255.077423 248.715073
gray000055 0.001115 343.255615 227.367966 349.895264 231.727310
gray000055 0.001072 238.747284 261.843475 252.917389 288.653473
gray000056 0.443192 60.021030 245.754593 124.716278 291.427185
gray000056 0.011844 278.665985 288.054413 308.905548 341.372040
gray000056 0.007264 271.911621 301.887939 313.129028 329.582153
gray000056 0.004125 283.017792 301.727753 301.564301 331.371490
gray000056 0.003226 59.496933 258.644928 110.382187 282.458832
gray000057 0.965337 247.540649 219.462921 316.205444 251.790802
gray000057 0.002509 229.347305 219.260818 327.042725 281.152100
gray000057 0.001622 220.302948 240.185425 341.780914 301.686401
gray000058 0.814538 166.460983 219.621521 194.747025 276.488281
gray000058 0.001710 294.425476 188.221237 394.639709 291.385010
gray000059 0.889653 146.035034 247.487274 221.974213 348.659027
gray000059 0.005353 153.116486 267.768158 189.981659 334.806305
gray000060 0.831161 100.738159 229.889267 160.517548 273.904419
gray000060 0.007487 96.794785 231.147400 187.042557 303.172119
gray000061 0.565701 215.906235 304.447479 293.312317 363.712982
gray000062 0.639579 107.504898 295.208344 138.511154 321.132416
gray000062 0.002216 264.710693 269.577118 285.785400 287.422943
gray000063 0.480800 320.096985 274.390320 349.026672 299.691650
gray000063 0.099165 317.565247 265.450714 360.728271 308.033539
gray000063 0.001237 311.272125 244.712097 370.300446 323.581726
gray000064 0.796653 342.655975 164.753174 423.661224 264.254150
gray000065 0.632009 147.452118 292.347443 161.867401 305.036163
gray000065 0.007847 144.034439 289.155029 166.985367 303.042480
gray000065 0.002418 148.222992 291.942688 157.133759 301.122498
gray000065 0.002335 1.000000 198.330566 9.003000 244.310364
gray000065 0.001858 173.650757 177.479507 228.274689 215.874222
gray000065 0.001197 1.495436 208.623672 6.896025 232.686203
gray000066 0.008672 229.943054 207.643967 319.768799 322.552185
gray000066 0.007145 194.156448 101.979782 273.456329 208.834244
gray000066 0.004559 247.133087 237.290131 314.678925 286.974518
gray000066 0.003801 212.468811 259.773315 259.904663 327.652771
gray000066 0.003018 241.424133 187.838654 356.355164 298.593750
gray000066 0.001570 222.508652 255.780029 272.864227 307.573425
gray000066 0.001522 263.926453 232.950104 294.329529 287.513336
gray000067 0.543780 209.347977 350.442261 225.938889 370.213196
gray000067 0.038527 322.310608 377.805695 326.813965 382.738190
gray000067 0.020734 170.574005 378.857727 176.092499 383.119873
gray000068 0.038803 54.992481 160.508789 128.828217 246.774231
gray000068 0.037907 83.057404 164.981964 217.967987 314.582458
gray000068 0.006611 123.478455 177.106903 191.036255 290.303558
gray000068 0.002125 73.293747 170.538086 107.054337 234.998413
gray000069 0.478913 118.810280 217.199310 167.949631 267.401733
gray000069 0.004856 97.552490 196.157700 180.408020 288.839294
gray000069 0.003297 132.500061 216.985397 152.774658 267.493591
gray000070 0.947847 355.190002 330.475739 389.510620 349.867584
gray000071 0.010163 158.234467 341.401886 208.333038 373.869843
gray000071 0.003003 170.159912 335.213928 196.323914 381.045410
gray000071 0.001705 168.841644 353.785248 192.613007 373.051849
gray000071 0.001396 138.665802 347.895660 174.854645 363.315338
gray000072 0.451844 141.096710 277.470123 187.139923 323.967743
gray000072 0.128720 154.542557 281.013733 173.060287 321.586975
gray000073 0.067884 208.499084 218.165512 285.199554 334.072083
gray000073 0.039786 226.577545 146.637421 305.970306 189.928009
gray000073 0.028493 214.329163 179.463623 259.174377 199.317871
gray000073 0.024517 209.116974 162.748688 287.890015 204.808044
gray000073 0.012093 208.758362 154.036972 327.726990 216.531052
gray000073 0.008683 206.809982 204.166901 277.214691 282.623230
gray000073 0.006059 232.006592 123.340714 300.866882 216.903976
gray000073 0.005793 204.552689 165.084000 291.494995 250.912888
gray000073 0.005758 207.054947 177.652054 267.241791 215.953537
gray000073 0.002991 215.234512 190.479599 384.348877 345.298523
gray000073 0.002929 206.774597 173.314087 253.706757 191.042084
gray000073 0.001594 246.299515 224.610016 349.922607 324.933258
gray000073 0.001160 225.334091 202.311630 307.625305 295.516663
gray000074 0.021245 356.112488 289.216492 400.408691 340.363403
gray000074 0.002135 375.684845 319.570007 387.954193 329.454407
gray000074 0.001179 351.432129 289.771118 380.093567 334.809143
gray000075 0.322019 302.679199 282.757599 355.308533 369.998199
gray000075 0.022957 263.204926 275.598999 368.067657 376.490112
gray000076 0.949325 168.802826 109.931160 320.532349 298.935822
gray000076 0.004186 198.555939 94.461342 291.046509 256.219879
gray000077 0.008672 130.651169 136.173203 225.915176 219.356461
gray000077 0.001237 126.403397 95.683617 347.702576 269.110229
gray000078 0.679423 326.813110 228.649643 390.522827 310.992737
gray000079 0.244115 117.851562 73.302505 382.896484 333.094543
gray000079 0.007159 127.217598 111.323212 309.378265 263.421387
gray000079 0.004704 256.876953 233.619293 349.622559 316.312714
gray000080 0.331018 344.974091 248.291702 379.344818 324.543060
gray000080 0.027667 331.316132 248.723969 403.952545 337.505157
gray000081 0.912443 137.454865 261.185974 196.753845 322.433716
gray000082 0.090294 272.936920 281.297791 301.525787 305.617554
gray000082 0.010810 361.490692 298.735291 397.399750 322.212280
gray000082 0.004738 260.486542 274.794769 311.128998 314.876129
gray000082 0.003277 315.057648 288.395599 330.726044 298.529510
gray000082 0.003136 313.477203 285.763000 324.683014 297.642883
gray000082 0.001580 311.248932 285.360840 336.934174 301.646118
gray000083 0.195646 125.136978 321.660370 159.430832 377.669098
gray000083 0.022113 126.034012 336.753845 170.693680 364.280273
gray000083 0.021353 308.797729 313.992401 359.540344 371.951569
gray000083 0.020109 116.024506 306.927887 178.914825 389.496490
gray000084 0.629163 137.025604 223.521942 155.106903 252.233582
gray000084 0.011033 139.867203 228.568558 152.549118 246.559280
gray000084 0.010784 133.341797 213.826920 164.156525 258.160461
gray000084 0.001829 195.463104 227.683670 212.042236 247.517685
gray000084 0.001162 123.825851 222.614441 178.905136 264.501617
gray000085 0.889653 146.035034 247.487274 221.974213 348.659027
gray000085 0.005353 153.116486 267.768158 189.981659 334.806305
gray000086 0.911582 140.056198 238.342010 196.086899 289.088226
gray000086 0.005786 144.529709 248.513214 189.147629 276.387421
gray000087 0.752159 251.781921 125.410973 371.874817 247.651947
gray000087 0.106153 142.198502 125.153275 276.221436 233.863998
gray000087 0.020157 150.828125 90.445251 328.182220 280.046143
gray000087 0.003448 166.287308 125.123215 259.612427 190.985641
gray000087 0.002373 282.956604 148.514771 342.218933 273.569916
gray000087 0.002291 274.998444 166.605789 351.146698 226.346695
gray000087 0.001848 193.820724 256.403381 301.463104 354.504456
gray000088 0.408740 317.570221 205.506134 403.247650 275.895142
gray000088 0.001068 112.153290 87.043510 296.659698 216.821411
gray000089 0.707348 111.889053 255.046829 170.936234 310.884674
gray000089 0.008437 349.839722 368.035767 402.667725 416.704712
gray000089 0.008166 93.951088 244.732574 177.123962 343.739227
gray000089 0.004619 356.891144 226.391388 443.979889 324.837128
gray000089 0.001250 374.487823 253.150986 441.519989 306.502625
gray000090 0.073280 196.739883 228.192169 296.879303 319.295502
gray000090 0.014862 216.377777 251.521606 280.604309 309.507629
gray000090 0.004360 214.571854 252.370178 320.575073 339.820190
gray000090 0.003856 230.830597 201.983734 319.355988 304.966858
gray000090 0.002422 156.931976 204.506592 282.605164 341.911316
gray000090 0.001949 221.418228 282.556519 277.692688 341.477844
gray000090 0.001447 191.113037 212.566864 340.487244 371.167633
gray000091 0.884774 167.100189 133.099762 300.346619 283.315002
gray000091 0.013802 182.072586 240.110703 228.488327 283.350861
gray000092 0.134967 117.250900 290.033173 135.951004 324.517853
gray000092 0.077441 118.982697 286.326630 147.872681 330.644928
gray000092 0.003628 95.000206 266.849213 185.629791 337.253876
gray000092 0.001512 92.146309 280.992065 128.212204 317.860168
gray000092 0.001246 164.945221 267.944244 181.193329 300.395660
gray000092 0.001152 172.578217 269.181946 187.383057 299.457092
gray000093 0.598448 291.837006 217.338287 326.076874 271.740082
gray000093 0.141251 258.340179 177.443497 348.346588 299.542511
gray000093 0.030135 218.998352 207.465378 248.519073 263.907501
gray000093 0.005798 282.166107 201.070572 337.048370 289.533783
gray000093 0.005328 136.138245 74.128563 366.078705 224.621887
gray000093 0.004233 203.232452 194.212799 285.005157 293.383942
gray000093 0.004204 299.796204 215.648712 318.164368 259.013794
gray000093 0.001946 219.431610 105.176773 368.833649 315.325989
gray000093 0.001528 230.155792 206.224457 260.846649 263.522766
gray000094 0.247680 325.958862 266.444763 364.747253 320.453064
gray000094 0.061497 161.846909 277.339844 179.603317 296.449463
gray000094 0.007127 318.638916 248.501068 370.708191 342.564850
gray000094 0.004888 158.630096 274.354736 175.353333 306.812134
gray000094 0.003663 331.307556 274.168488 353.127197 308.268951
gray000094 0.002969 166.485565 282.279053 177.353424 298.497925
gray000094 0.002079 64.152222 230.369354 357.761383 437.850555
gray000095 0.889526 135.185410 245.669373 190.843552 294.673401
gray000095 0.044371 143.816742 254.613327 182.815857 283.666748
gray000095 0.003812 154.158585 245.716064 172.333755 291.412964
gray000095 0.002046 17.091959 437.698700 26.682352 449.861053
gray000096 0.748782 370.660767 251.835907 416.952148 288.365204
gray000096 0.006966 383.873810 253.802094 404.040192 288.667999
gray000097 0.747809 390.316040 320.843201 421.914062 346.327209
gray000097 0.001068 346.726013 322.256805 352.878662 328.835236
gray000098 0.723534 187.275162 246.008484 248.134140 347.697693
gray000098 0.012822 281.470581 222.786362 343.386292 271.440308
gray000098 0.004665 183.626297 211.046082 222.008316 257.654633
gray000098 0.002425 220.137192 234.192291 332.765656 326.963898
gray000098 0.001474 195.580139 225.100266 229.611603 250.051102
gray000098 0.001464 208.618103 251.735245 243.994232 318.641266
gray000098 0.001302 282.241791 232.106400 339.349945 328.707520
gray000098 0.001296 272.104797 264.579254 325.341370 328.146088
gray000098 0.001006 281.781891 283.557251 317.894135 338.164429
gray000099 0.118382 60.050755 241.732498 119.613861 282.407013
gray000099 0.018846 280.717621 138.589935 306.535248 203.825378
gray000099 0.015368 374.703125 171.959717 420.250366 231.182861
gray000099 0.004639 268.601807 126.606956 301.600281 210.277588
gray000099 0.004143 292.067780 156.925308 308.592438 187.400681
gray000099 0.001718 61.323498 202.823456 144.681259 284.034149
gray000099 0.001244 61.373566 229.661652 96.072250 273.929688
