gray000000 0.584976 191.863907 267.561432 288.996277 356.735687
gray000000 0.159341 205.707825 306.082184 287.718384 346.105194
gray000000 0.008153 194.530563 117.514702 201.186630 128.092072
gray000000 0.005067 171.460693 221.096008 307.172607 385.112122
gray000000 0.004087 183.483353 193.677353 291.374451 278.848206
gray000000 0.003537 211.949158 280.268738 280.921387 322.275757
gray000000 0.001909 224.229752 283.686157 269.305725 348.696289
gray000000 0.001422 211.222382 266.836731 286.027771 303.695374
gray000000 0.001263 216.357254 312.654968 273.465759 336.991211
gray000001 0.616737 376.764709 263.973267 418.545776 287.845764
gray000002 0.677643 130.343628 340.660950 196.930908 384.677246
gray000002 0.011948 137.112869 351.795258 180.915726 376.217621
gray000002 0.003113 121.175385 297.999023 219.696869 400.398010
gray000003 0.341044 272.333649 281.172607 302.660492 305.761475
gray000003 0.004656 263.107941 270.881226 308.173798 315.070129
gray000003 0.002751 281.493591 275.708710 301.027283 300.213409
gray000003 0.001712 280.499908 284.714783 293.498627 303.213135
gray000004 0.722935 125.107361 307.998352 159.464111 327.234314
gray000004 0.012871 132.881088 310.531281 151.788925 325.352142
gray000004 0.001528 177.231827 501.251526 215.994003 512.000000
gray000004 0.001489 76.119812 263.974701 157.682770 343.408112
gray000004 0.001442 134.940353 485.231720 150.043076 512.000000
gray000004 0.001234 175.218124 487.001923 216.460922 512.000000
gray000005 0.002596 145.756897 263.930878 194.589508 297.921783
gray000005 0.001216 219.247055 210.301636 252.959671 232.591797
gray000005 0.001084 157.121414 255.863235 182.781265 306.066010
gray000006 0.290041 313.224670 274.389435 342.596741 294.181244
gray000006 0.006869 170.889130 227.689301 175.292023 233.772705
gray000006 0.006300 320.181274 278.275665 336.011047 291.176849
gray000006 0.002313 163.972748 234.875336 168.511414 239.088959
gray000006 0.001974 170.426010 232.989731 174.477859 238.509537
gray000007 0.613525 146.316055 272.574829 212.213608 316.947388
gray000007 0.195910 134.304291 253.691162 220.983704 337.130737
gray000007 0.002152 157.645355 287.646240 203.131042 311.451904
gray000008 0.262056 321.070221 253.509644 373.126007 303.344421
gray000008 0.012098 315.579926 235.943237 406.107574 316.040588
gray000008 0.007606 323.533905 266.125824 370.446564 289.088837
gray000008 0.003815 330.077515 273.876312 364.397522 294.379242
gray000008 0.001118 352.978455 232.979996 360.821899 241.992172
gray000008 0.001087 340.489990 242.873779 371.340393 295.746582
gray000009 0.654047 378.472656 261.998322 415.651978 281.091522
gray000009 0.004283 386.458893 264.146484 407.796600 277.071594
gray000009 0.003036 385.151825 262.647919 420.127045 294.184906
gray000009 0.001006 385.694061 259.415771 407.428192 269.177002
gray000010 0.116966 296.423492 306.418274 367.105011 346.406982
gray000010 0.045971 277.359619 288.308411 385.946594 374.984009
gray000010 0.012935 321.926331 313.882202 360.653381 336.147461
gray000010 0.006869 95.991379 254.441788 104.554565 268.053101
gray000010 0.005372 93.740822 245.939133 107.001152 276.389587
gray000010 0.005080 324.749176 323.105103 358.292816 340.297302
gray000010 0.005064 328.761902 301.631531 358.042542 350.814331
gray000010 0.003981 316.437164 297.371246 346.253937 356.050323
gray000010 0.002110 89.323875 234.332382 121.357277 289.732544
gray000010 0.001640 64.417542 228.598465 113.406006 296.826569
gray000010 0.001488 95.972214 261.180389 105.178009 275.192230
gray000010 0.001415 86.131569 238.339264 102.717796 268.497070
gray000011 0.316645 129.743057 231.119644 157.850266 259.328918
gray000011 0.001014 137.512238 235.183075 148.431000 256.797760
gray000012 0.905186 72.037148 253.560196 211.364197 337.625000
gray000012 0.006272 305.966919 54.842918 383.264160 89.829674
gray000012 0.001307 103.650467 237.186829 176.400986 353.240051
gray000013 0.841450 133.728683 341.350403 195.573135 388.200439
gray000013 0.003514 113.082489 307.775055 226.507660 391.878693
gray000014 0.375411 190.121216 232.850220 207.906677 247.391602
gray000014 0.027440 191.283279 225.961243 212.450272 254.271393
gray000014 0.001268 140.480011 227.864059 215.409698 318.609009
gray000015 0.281806 334.448883 298.767731 364.864349 324.527252
gray000015 0.047111 331.932800 292.249664 379.050354 331.487885
gray000015 0.007528 344.013214 288.447205 364.284943 335.287537
gray000016 0.926910 76.620018 233.568527 201.053253 360.515015
gray000017 0.684798 231.700775 297.213074 267.509674 360.407471
gray000017 0.062355 215.859848 279.721802 319.817993 344.979492
gray000017 0.062060 280.121185 294.302460 308.540375 353.530304
gray000017 0.007308 271.988159 294.742615 299.412964 341.548157
gray000017 0.005634 249.739304 297.930969 311.489929 351.435974
gray000017 0.004356 235.693481 283.923859 287.500488 375.035980
gray000017 0.003594 221.507263 292.584167 257.595520 342.960205
gray000017 0.001943 243.373688 311.905273 275.408722 366.062683
gray000017 0.001783 262.688568 276.942841 326.484833 375.263336
gray000017 0.001279 234.440872 197.522949 313.206665 283.329102
gray000017 0.001153 228.820557 221.702271 316.304199 326.620789
gray000018 0.357969 109.864059 296.230347 140.632370 324.592529
gray000018 0.003999 92.638184 266.625641 192.114105 347.925018
gray000018 0.001407 116.764511 302.117798 134.028366 319.087646
gray000019 0.012540 55.801651 153.881424 221.439926 343.975281
gray000019 0.005851 93.582123 182.781418 152.277451 313.929504
gray000019 0.002098 327.870880 360.196289 341.459015 370.435669
gray000019 0.001466 238.937500 111.743507 262.043884 157.917145
gray000019 0.001393 79.721649 207.441330 88.272202 217.206589
gray000019 0.001104 106.007149 165.658875 165.689575 272.954590
gray000020 0.661250 121.683365 268.444519 184.109238 322.738098
gray000021 0.485967 349.625946 307.559326 366.619720 353.887085
gray000021 0.124997 343.586395 316.897736 371.909210 345.470184
gray000022 0.522338 301.150055 295.833649 344.838837 318.131989
gray000022 0.005488 308.288452 283.459808 341.563782 333.566132
gray000022 0.002025 308.336456 288.069122 330.937592 319.502045
gray000023 0.759402 311.022247 272.721802 338.926056 297.413208
gray000023 0.023916 317.609924 275.521057 332.638855 295.436401
gray000023 0.001392 320.998840 260.509674 394.761536 306.505829
gray000023 0.001028 327.901947 240.568893 338.046967 248.256210
gray000024 0.680918 286.764587 262.374359 377.983398 340.781158
gray000024 0.003035 306.927643 279.660858 352.811615 338.332062
gray000025 0.051308 325.730927 158.363953 388.397369 212.755493
gray000025 0.005811 91.219604 176.218643 94.990707 181.193619
gray000025 0.002452 330.015991 202.456177 365.560547 222.189911
gray000025 0.001211 138.761063 146.780975 143.682846 150.234894
gray000025 0.001103 322.579681 349.756348 330.245087 360.940979
gray000026 0.761634 105.279861 275.975403 178.140244 319.196045
gray000026 0.001181 99.589050 267.492828 225.135071 335.865021
gray000026 0.001080 111.595139 258.894775 171.191971 353.815430
gray000026 0.001014 114.960587 283.225128 165.516891 304.376678
gray000027 0.224546 196.179749 204.346481 261.226196 295.248810
gray000027 0.131127 210.241318 215.463943 246.316452 284.420471
gray000027 0.001052 261.957458 248.907852 325.694641 286.762939
gray000028 0.194178 204.781036 283.598236 234.043243 345.529755
gray000028 0.059645 213.381775 293.477936 244.747223 359.316071
gray000028 0.028077 198.801193 274.223785 259.729034 358.027191
gray000028 0.015128 191.858551 288.347168 233.112091 313.261047
gray000028 0.008726 181.548691 295.605072 295.200592 364.050201
gray000028 0.006363 207.353729 317.735687 255.675201 363.146515
gray000028 0.002769 209.662506 267.480377 327.405792 346.892303
gray000028 0.002557 198.180695 339.287170 265.595612 376.056396
gray000028 0.001274 289.558807 246.421799 362.981720 285.991058
gray000029 0.424400 289.342529 271.989990 330.952148 293.814819
gray000029 0.009871 295.168060 259.595215 329.698029 304.651672
gray000029 0.003899 300.262726 268.850067 320.577545 296.313263
gray000029 0.001202 279.899048 238.807648 382.667969 305.145477
gray000030 0.792354 80.987823 196.867767 233.456482 341.434113
gray000031 0.819464 159.385132 328.134064 200.250366 353.472260
gray000031 0.002048 169.004456 323.837982 191.726105 349.448334
gray000032 0.237300 155.634109 241.248657 192.793991 268.897125
gray000032 0.005449 158.991241 234.267654 197.311493 288.798004
gray000032 0.001679 168.019806 233.691528 188.494965 275.338898
gray000033 0.091368 207.471375 206.282913 218.127563 219.279861
gray000033 0.049736 233.348740 120.743073 368.054688 225.550171
gray000033 0.009151 379.706177 200.407578 436.550964 237.473160
gray000033 0.004049 262.401794 180.900085 324.437256 218.853424
gray000033 0.002599 242.049713 136.174881 328.690399 206.623215
gray000033 0.001919 203.043625 207.637421 214.037949 215.792603
gray000033 0.001094 158.742432 272.707947 213.798157 317.688293
gray000034 0.550147 127.625534 238.326660 181.141373 284.886169
gray000034 0.304452 103.309814 226.750824 198.074219 299.251373
gray000034 0.014949 134.787704 248.549469 176.224655 275.017731
gray000034 0.003023 391.551361 197.166977 453.023712 237.145828
gray000034 0.001015 144.806519 243.030609 166.538666 280.249542
gray000035 0.668249 137.688049 226.539978 233.764069 306.530457
gray000035 0.006085 140.666183 251.675430 208.205124 297.927399
gray000035 0.003526 247.746704 381.006470 260.341553 397.470703
gray000036 0.969659 133.486145 244.151764 149.375153 257.369507
gray000036 0.003062 132.423660 246.699570 141.352676 256.127686
gray000036 0.001223 129.774277 242.629547 143.503098 253.760437
gray000037 0.878354 145.747070 337.287628 203.378387 383.337860
gray000037 0.018206 154.951172 350.458984 192.743805 375.738342
gray000037 0.009853 332.545563 292.783386 399.673981 386.384644
gray000037 0.005516 205.825119 245.905609 217.974777 258.109650
gray000037 0.003144 162.393799 340.084778 184.444672 385.760681
gray000038 0.649729 316.526428 283.644226 406.126953 376.485596
gray000038 0.065356 322.113098 315.522034 395.495300 362.965149
gray000038 0.004896 338.615540 298.446564 381.164978 369.663727
gray000038 0.001128 234.095856 229.247742 244.673309 240.222412
gray000039 0.021609 161.104370 313.561462 168.365753 320.053650
gray000039 0.012879 95.150459 332.758484 104.189400 343.427002
gray000039 0.010264 97.507027 332.554443 103.167854 339.652161
gray000039 0.008260 193.771790 288.275513 241.285583 329.752625
gray000039 0.007618 138.941208 312.323120 144.698013 316.700745
gray000039 0.007170 195.932129 293.441406 234.323822 311.778564
gray000039 0.007043 139.280090 308.606476 144.192596 314.209747
gray000039 0.005355 66.250427 294.531708 168.583664 378.967133
gray000039 0.002201 301.822998 251.983688 317.696899 285.490814
gray000039 0.001254 92.310104 331.964661 100.104889 339.154541
gray000039 0.001073 84.642715 268.618103 204.134781 345.698669
gray000040 0.494899 137.626038 220.385208 155.848816 250.826797
gray000040 0.018784 133.617386 211.846466 159.762894 259.639984
gray000040 0.004467 138.410034 225.661728 148.832489 246.996658
gray000041 0.551460 158.518875 258.121246 219.573166 304.683624
gray000041 0.006276 163.853928 235.921204 227.200699 326.261841
gray000041 0.004660 386.518219 267.668915 406.624603 319.395660
gray000041 0.001800 173.668793 266.610748 203.493530 314.460297
gray000042 0.388295 129.213745 271.049744 157.597137 299.427979
gray000042 0.001297 137.166214 275.200867 148.460678 296.698181
gray000043 0.228551 170.258453 238.855316 221.406281 291.169037
gray000043 0.020218 154.415375 233.021500 253.413330 309.173706
gray000043 0.002883 168.778763 256.565094 223.736710 280.160553
gray000044 0.432356 178.178329 273.665192 225.064713 312.062592
gray000044 0.011742 188.181137 273.670990 208.851608 309.462189
gray000044 0.001218 193.230392 264.097260 285.033875 344.102020
gray000045 0.870921 85.072075 258.891357 210.300110 355.651489
gray000045 0.025473 107.512314 290.685272 196.356674 335.113373
gray000045 0.007616 364.962708 107.872940 420.581360 128.117233
gray000045 0.002482 127.088150 312.813568 183.386246 336.040192
gray000045 0.001876 57.628052 245.910736 234.088959 402.206268
gray000045 0.001238 370.628845 89.835724 412.386597 147.627090
gray000046 0.024081 75.028168 242.725525 168.463196 349.819885
gray000046 0.004904 88.952003 308.348267 112.644127 324.796082
gray000046 0.002620 95.922501 225.123169 147.461441 336.944214
gray000046 0.001407 88.047775 258.130768 154.179230 305.482574
gray000047 0.389045 259.999542 321.894287 312.033478 369.738403
gray000047 0.064181 130.007416 192.207397 167.951172 214.509064
gray000047 0.014427 263.007080 342.212585 306.467407 367.058899
gray000047 0.006036 249.327393 301.071320 321.426453 384.014740
gray000047 0.003122 273.920013 331.880280 296.373138 367.724762
gray000048 0.027574 175.030106 304.121460 182.335892 312.644714
gray000048 0.023801 170.022049 303.451874 180.202744 316.535187
gray000048 0.007553 167.021378 299.158844 183.475754 320.901764
gray000048 0.002708 176.097473 296.739380 184.722015 305.484924
gray000048 0.001903 235.718475 256.424561 268.045776 285.402283
gray000048 0.001500 171.013000 310.231506 179.303741 318.535767
gray000048 0.001467 92.970551 268.040375 194.427063 352.872162
gray000048 0.001371 233.439590 265.501953 256.226746 285.934937
gray000048 0.001248 170.071686 295.674011 179.315765 308.689392
gray000049 0.591979 165.178101 275.161285 207.002502 313.787445
gray000049 0.002685 170.288330 296.327118 205.804840 315.069672
gray000050 0.479830 63.863441 251.432404 119.140648 291.119537
gray000050 0.024727 76.656654 245.726944 104.823570 296.601318
gray000050 0.003146 75.357132 253.355362 95.096664 286.872559
gray000050 0.001589 86.187027 253.514694 111.669464 284.752045
gray000050 0.001457 59.248684 259.809479 98.435532 289.581635
gray000050 0.001287 70.265976 252.475433 86.403305 287.426422
gray000051 0.721881 332.313171 283.972687 389.042480 333.924164
gray000051 0.001210 342.817535 296.337982 383.162201 321.617096
gray000052 0.678744 116.445999 195.140778 167.860092 236.798920
gray000052 0.017922 127.517776 207.783890 165.290695 229.827072
gray000052 0.002592 112.582283 184.108276 188.383453 250.594299
gray000052 0.001001 153.996735 187.620789 208.498352 244.946747
gray000053 0.256904 192.706085 134.000671 301.078979 232.523651
gray000053 0.023694 211.662399 156.677994 289.743774 213.730209
gray000053 0.002049 232.231522 151.006317 270.333832 220.243591
gray000054 0.429913 128.160278 240.837067 181.306000 286.108917
gray000054 0.079475 140.533081 256.811829 172.892944 283.017517
gray000054 0.012856 103.617722 224.841202 194.664963 302.860718
gray000054 0.004955 254.120560 191.770737 268.234650 205.184280
gray000054 0.004112 139.742401 229.383469 168.833038 281.155060
gray000055 0.623617 150.486084 226.360382 156.937622 234.188843
gray000055 0.136028 149.005981 229.810989 154.595886 237.596054
gray000055 0.015751 151.091141 218.697327 160.388992 229.424377
gray000055 0.002331 184.186340 172.859695 250.526764 200.505051
gray000055 0.002173 147.555878 217.650360 156.872589 230.523376
gray000055 0.001652 147.371048 221.250168 162.238907 239.846115
gray000055 0.001367 140.683716 240.013870 146.667511 246.756485
gray000055 0.001073 139.280502 246.641006 144.492752 255.150009
gray000056 0.371941 67.878693 250.654922 117.260010 287.908691
gray000056 0.018586 82.007011 254.038391 102.396950 284.024048
gray000056 0.011303 89.923752 252.686935 108.239182 283.078949
gray000056 0.003027 73.030304 259.554260 97.546524 291.003357
gray000056 0.001744 44.307724 248.239273 129.471176 308.850739
gray000056 0.001667 304.393219 290.087402 346.636505 311.070740
gray000056 0.001459 385.161591 207.220825 394.233612 217.328918
gray000057 0.419425 260.139435 223.991104 325.177460 266.238220
gray000057 0.001537 236.715744 218.450928 321.825562 305.377869
gray000058 0.487515 166.675751 222.372375 198.467834 280.548279
gray000059 0.961631 131.205353 251.570435 224.765503 343.283447
gray000060 0.643154 103.388710 229.288940 164.523270 275.888336
gray000060 0.019840 91.126617 214.190598 177.806061 289.663666
gray000060 0.002904 110.016609 246.370102 157.800339 270.368622
gray000060 0.002141 124.045891 231.170029 143.238113 275.061310
gray000061 0.450586 228.046661 317.502106 297.746674 365.659454
gray000062 0.766518 106.071747 294.700928 140.744598 322.947388
gray000062 0.001654 115.953491 301.780304 132.151291 316.812531
gray000062 0.001184 120.521523 285.646637 138.738220 330.599823
gray000063 0.346840 319.908081 273.144531 347.695801 301.270081
gray000063 0.122292 337.664154 222.221161 350.215485 233.126343
gray000063 0.009304 323.990967 258.852051 352.815552 312.162903
gray000063 0.006686 339.679657 219.304077 354.666473 236.415588
gray000063 0.005894 326.628510 281.921600 339.505096 300.263458
gray000064 0.894015 329.049164 165.701523 449.851959 257.774261
gray000064 0.007167 339.719910 184.192368 439.653748 227.150192
gray000065 0.348288 144.003677 292.463715 165.668350 303.602997
gray000065 0.002660 141.573654 283.734528 162.827560 308.524811
gray000065 0.002330 102.151016 241.137146 178.746414 309.261902
gray000066 0.249726 214.073822 274.105713 257.918365 298.341797
gray000066 0.077899 221.443985 273.356232 268.899750 311.708099
gray000066 0.014743 205.814575 278.678070 239.920227 304.285431
gray000066 0.003950 288.765106 294.977844 336.696747 333.273071
gray000066 0.003095 225.023636 276.913177 247.163406 303.944061
gray000066 0.001891 210.646393 259.822388 234.359924 310.809448
gray000066 0.001713 197.971893 228.938293 226.605072 242.483002
gray000066 0.001442 216.114120 284.907196 227.506393 300.493317
gray000066 0.001165 207.795044 228.846680 220.038910 241.474518
gray000066 0.001161 208.448914 226.533661 219.053772 233.943298
gray000066 0.001151 234.429581 271.704987 252.310013 298.467560
gray000066 0.001145 212.315643 227.960953 227.442566 241.937912
gray000066 0.001048 240.411270 281.924927 284.989197 335.786377
gray000067 0.465058 205.032669 349.838501 231.673416 370.321838
gray000068 0.695977 22.499763 109.642143 260.917480 325.720947
gray000068 0.017347 118.849579 178.098236 223.682648 289.804657
gray000068 0.007923 55.008495 181.678406 129.582794 228.782318
gray000068 0.004349 35.968826 158.364868 197.262253 262.637207
gray000069 0.665364 113.809174 225.576065 170.449341 264.101196
gray000069 0.006894 131.708160 222.145050 153.015900 267.517120
gray000069 0.004546 123.225166 228.609955 161.282227 251.872528
gray000070 0.897471 351.998535 329.671051 392.799988 354.521210
gray000070 0.001039 358.823547 329.550262 377.677002 353.531036
gray000070 0.001018 364.662872 335.985504 380.883942 349.042755
gray000072 0.536496 137.653320 281.712616 191.336517 317.326630
gray000072 0.044345 153.791809 282.494232 174.761658 319.397003
gray000073 0.727054 206.014069 152.293198 330.620087 225.939835
gray000073 0.076915 320.629517 207.574829 421.384338 286.913666
gray000073 0.006316 231.917862 164.367981 317.717407 205.642212
gray000073 0.004631 236.581985 142.794144 298.512421 232.840103
gray000073 0.001944 291.849487 194.320862 451.621643 338.569153
gray000074 0.013070 368.841034 289.661682 394.683014 332.791138
gray000074 0.008064 378.203705 303.931549 397.850311 330.206146
gray000074 0.003651 381.594299 309.781525 394.893738 324.600861
gray000074 0.002439 384.860687 318.351501 392.267914 327.971313
gray000075 0.656626 284.431763 281.258087 373.280884 369.738007
gray000075 0.152562 312.433411 288.465118 345.329163 365.242157
gray000075 0.064447 294.986145 302.798645 361.712280 352.814209
gray000076 0.820773 176.620880 109.724251 307.464600 288.648804
gray000076 0.001433 252.049194 74.388306 377.093445 149.768372
gray000076 0.001080 79.064377 62.065788 404.192627 295.556061
gray000077 0.003769 141.207642 145.378403 274.998962 206.067154
gray000077 0.001493 168.785507 150.499115 230.089706 190.381500
gray000077 0.001301 339.525482 331.184021 374.284576 347.627625
gray000078 0.523731 320.570374 228.620255 406.000427 318.594086
gray000078 0.051281 341.107483 238.033569 380.048096 314.987427
gray000079 0.405838 88.423630 62.523773 395.413208 357.061127
gray000079 0.021332 102.259209 124.177315 333.394623 291.627563
gray000079 0.001291 174.592178 97.879646 411.622253 275.378265
gray000080 0.282377 348.105103 252.607391 383.247253 333.635895
gray000080 0.006328 326.072449 251.732544 411.134216 346.432800
gray000080 0.005880 341.228851 284.290527 405.515961 330.320557
gray000081 0.902838 136.900116 269.887665 197.290466 320.776520
gray000081 0.003187 109.656998 258.749603 210.852646 332.344330
gray000081 0.002256 144.185562 287.885406 188.738846 312.342194
gray000082 0.296140 271.113678 281.773804 302.704803 308.048340
gray000082 0.001810 280.250702 290.318939 291.894623 308.211823
gray000083 0.730517 123.820549 333.564240 174.986389 377.256866
gray000084 0.549876 137.278702 220.308899 155.622757 252.204132
gray000084 0.006495 122.117561 216.267792 159.281616 252.552795
gray000084 0.002074 138.718552 224.883011 148.388687 249.583969
gray000085 0.961631 131.205353 251.570435 224.765503 343.283447
gray000086 0.857111 140.321014 239.160614 195.952118 287.673859
gray000086 0.029056 145.247284 249.630203 188.534271 275.383331
gray000086 0.012763 109.504715 226.178162 205.213058 308.895813
gray000086 0.002355 269.479034 197.875839 282.509796 210.438828
gray000087 0.954631 263.034515 127.567627 367.031403 247.905365
gray000087 0.002118 154.609665 141.534988 264.280029 218.062424
gray000088 0.588223 304.680969 201.249878 405.975342 277.910767
gray000088 0.040708 320.512878 216.451691 388.807983 262.306580
gray000089 0.566986 104.805687 269.036804 167.761551 317.635681
gray000089 0.017305 72.151482 258.104218 164.768066 337.691681
gray000089 0.001497 114.141403 279.998444 152.083450 304.806488
gray000090 0.673145 192.944839 220.111298 305.296722 311.960114
gray000090 0.110526 216.912567 237.932846 283.190918 289.415985
gray000090 0.001959 296.950439 311.520660 305.520386 320.884796
gray000090 0.001773 207.771881 268.699249 287.835358 318.906769
gray000090 0.001690 266.002869 238.524109 323.609131 287.674927
gray000090 0.001473 207.419556 254.123795 268.177429 302.822296
gray000091 0.471513 175.446625 132.588379 305.544708 300.092102
gray000091 0.065768 188.410767 244.658005 243.834259 282.594360
gray000091 0.025846 199.115723 233.879211 228.946472 293.736450
gray000091 0.011424 186.788361 223.229965 219.040741 282.110840
gray000091 0.003650 216.236160 150.963867 288.252136 281.036804
gray000091 0.002581 170.299866 194.788239 239.369171 303.533081
gray000091 0.001739 196.995056 255.735870 228.431519 281.221893
gray000092 0.357969 109.864059 296.230347 140.632370 324.592529
gray000092 0.003999 92.638184 266.625641 192.114105 347.925018
gray000092 0.001407 116.764511 302.117798 134.028366 319.087646
gray000093 0.477738 284.315155 214.307495 332.397247 260.287964
gray000093 0.130520 255.429550 198.751678 347.148804 273.286652
gray000093 0.008140 336.545837 202.440720 347.212524 212.581680
gray000093 0.002483 294.910553 224.629242 333.298065 250.139252
gray000093 0.001329 297.244171 217.823914 319.610931 257.164093
gray000093 0.001071 196.875778 94.589783 349.563843 276.062836
gray000094 0.012512 320.399353 276.175079 370.026672 312.157318
gray000095 0.684080 138.155029 250.912872 192.983582 287.464081
gray000095 0.016148 152.201416 251.434998 173.758514 288.072876
gray000095 0.002114 128.655533 234.812866 213.921432 297.679932
gray000096 0.360872 370.965942 251.876312 414.524841 290.577179
gray000096 0.013633 155.956268 287.540100 187.583832 336.115723
gray000097 0.760093 389.073364 319.904572 422.644897 344.044098
gray000097 0.020480 106.750443 218.725876 141.192841 277.500458
gray000097 0.013321 117.292763 212.737717 152.530640 286.015320
gray000097 0.004067 98.104019 214.850311 148.819748 313.797272
gray000097 0.002078 398.302460 325.297791 413.739655 339.911072
gray000097 0.001303 384.542969 317.539551 431.444885 358.505798
gray000098 0.138014 186.142410 257.344452 251.425552 307.404144
gray000098 0.104047 163.198425 244.865570 311.031952 319.084991
gray000098 0.034610 245.902527 232.494110 345.800842 311.947479
gray000098 0.011978 264.870605 228.817352 329.658142 275.168579
gray000098 0.006086 226.139221 256.486877 310.661011 332.779053
gray000098 0.001577 278.118164 237.747437 316.210876 288.176697
gray000098 0.001298 198.347504 306.779633 237.554443 346.418365
gray000098 0.001053 190.127701 264.327637 244.633469 351.850342
gray000099 0.227506 67.245621 246.677536 134.634430 286.895508
gray000099 0.018832 35.216305 225.913528 136.900742 308.505981
gray000099 0.008170 50.748264 212.019730 166.461349 285.298981
gray000099 0.008035 71.272079 258.613800 126.349487 279.727753
