gray000000 0.009906 363.186462 265.476471 424.340393 323.287567
gray000000 0.009125 191.107620 275.574432 284.402191 342.152435
gray000000 0.004345 132.931854 167.269043 346.772522 382.533020
gray000000 0.004204 182.687225 274.928284 254.266296 322.037842
gray000000 0.002027 197.479492 297.082031 272.273560 360.234985
gray000000 0.001790 186.557129 233.494186 245.358704 299.421753
gray000000 0.001551 388.826874 274.025360 422.700226 317.097137
gray000000 0.001434 201.793732 262.121155 261.719025 304.740540
gray000000 0.001380 193.110062 194.665009 284.512634 285.616669
gray000000 0.001052 173.018448 260.425690 233.163589 307.769318
gray000000 0.001002 202.644897 270.796814 231.929840 326.052551
gray000001 0.269950 379.408630 261.527039 417.837463 288.174927
gray000001 0.017577 394.724762 258.435822 410.914154 291.340424
gray000001 0.013949 378.974487 246.773758 428.630371 293.034912
gray000001 0.003608 358.355621 244.176361 433.795197 314.281769
gray000001 0.003415 365.628723 345.304321 376.092896 352.700684
gray000001 0.003165 362.653900 343.290680 368.523773 351.039215
gray000001 0.001940 504.016937 268.076019 510.164825 287.030243
gray000001 0.001356 499.889801 271.375793 508.117645 284.335327
gray000002 0.876255 127.394341 337.848694 187.528992 384.530701
gray000002 0.007219 130.528870 348.414276 171.917358 378.442657
gray000002 0.002889 159.323517 170.405334 170.088501 176.664948
gray000002 0.001352 140.613434 342.860413 161.082336 384.396240
gray000002 0.001279 81.792526 174.428375 148.737091 244.926910
gray000002 0.001181 140.017120 345.062164 186.270721 371.064850
gray000003 0.489902 270.141663 281.042480 303.082214 307.176270
gray000003 0.004614 256.367920 263.226288 309.180847 309.388580
gray000003 0.001970 294.120941 200.870789 398.058929 274.421814
gray000003 0.001061 92.746887 247.100479 158.224930 284.436279
gray000004 0.047450 131.583832 305.900116 164.117493 329.112213
gray000004 0.033530 127.646065 313.894409 156.966049 333.029846
gray000004 0.025197 135.269653 311.513245 147.938660 322.389465
gray000004 0.018281 112.838753 280.400085 162.780655 345.640747
gray000004 0.015408 133.095154 317.306732 148.742188 328.802948
gray000004 0.013748 115.113914 303.451538 151.167496 328.070740
gray000004 0.012631 124.653915 293.686951 178.381241 354.244202
gray000004 0.012621 140.622803 312.671783 155.234436 322.478973
gray000004 0.012030 104.827393 299.665100 114.243515 316.395752
gray000004 0.009576 134.693085 310.483673 148.582245 336.886932
gray000004 0.005946 127.656685 311.454041 137.224670 321.728638
gray000004 0.005780 100.641541 289.894501 115.674072 313.930389
gray000004 0.005579 125.302299 302.205048 140.868271 330.366241
gray000004 0.002741 94.393707 293.036682 139.063019 323.354065
gray000004 0.002681 138.737701 300.337616 164.364624 348.007904
gray000004 0.002287 127.637596 302.433319 136.056824 315.269562
gray000004 0.002256 168.107605 295.507965 225.343109 359.301239
gray000004 0.002040 125.308334 300.598877 171.006699 320.378479
gray000004 0.001911 151.247375 311.850555 159.117828 322.012665
gray000004 0.001869 118.164108 302.781708 133.412201 326.734589
gray000004 0.001650 103.198273 294.561371 112.155777 311.126862
gray000004 0.001637 140.564362 316.329315 154.218842 329.399811
gray000004 0.001312 137.361313 485.689178 160.619644 512.000000
gray000004 0.001312 111.391388 271.867462 191.191803 382.262177
gray000004 0.001299 186.165131 336.260712 221.007874 364.090363
gray000004 0.001294 183.379410 299.624420 211.577469 353.823944
gray000004 0.001034 147.495392 305.667206 165.663147 315.203888
gray000005 0.405082 199.283356 287.847015 209.135925 298.832916
gray000005 0.110250 265.147400 239.461060 333.736267 291.192688
gray000005 0.052123 148.808670 257.099091 199.933701 310.355560
gray000005 0.041942 196.625870 284.289856 211.833054 303.079407
gray000005 0.032444 159.152328 271.527283 185.024307 316.679688
gray000005 0.018452 216.130493 230.692795 224.600952 240.719803
gray000005 0.018121 151.345078 290.557861 196.436844 326.358337
gray000005 0.014419 220.844421 224.020981 236.032654 235.345352
gray000005 0.013213 146.750610 263.625641 184.239441 290.688263
gray000005 0.010203 221.642715 230.832108 233.595657 241.342758
gray000005 0.006438 214.694321 246.906265 225.420303 258.072540
gray000005 0.006390 252.988647 209.389847 268.772339 217.928635
gray000005 0.006084 200.305191 292.524353 207.623154 305.105530
gray000005 0.005739 218.802719 207.292450 252.954453 232.502014
gray000005 0.005431 212.577911 232.555344 248.637177 269.320160
gray000005 0.004967 202.123993 348.825500 209.105957 353.057861
gray000005 0.004858 215.026505 225.083206 228.564499 234.994003
gray000005 0.004725 216.015915 219.731201 243.359116 239.359894
gray000005 0.004628 254.361115 211.787277 267.628571 225.525772
gray000005 0.004036 201.683212 240.952957 230.686630 287.054962
gray000005 0.003965 230.952560 224.102264 240.909378 233.483612
gray000005 0.003881 284.303986 256.741791 343.211090 297.482269
gray000005 0.003718 200.170975 282.253632 208.523178 294.275116
gray000005 0.003449 166.576050 248.568100 232.101990 291.638031
gray000005 0.003316 199.633209 354.181580 207.997284 358.844055
gray000005 0.003003 212.257645 239.205093 229.146133 267.514526
gray000005 0.003001 210.225632 224.366165 247.487350 250.417404
gray000005 0.002982 193.115936 347.526031 200.508606 353.681793
gray000005 0.002836 194.708664 245.952347 232.277237 260.851288
gray000005 0.002612 209.957214 227.917480 232.010803 246.939606
gray000005 0.002419 162.536499 259.753815 180.733307 294.090607
gray000005 0.002290 206.749741 245.181671 220.448593 258.100891
gray000005 0.002090 209.735947 347.074280 216.110977 352.276367
gray000005 0.002038 226.666595 214.699661 243.915192 225.422592
gray000005 0.002037 151.724258 259.921967 163.244736 276.222931
gray000005 0.001897 156.557831 258.719086 172.920685 279.557098
gray000005 0.001858 203.458298 241.663498 224.532150 265.074036
gray000005 0.001773 147.978958 256.204681 167.693253 282.791290
gray000005 0.001768 283.027618 241.257126 317.323944 265.792480
gray000005 0.001755 150.122925 292.249146 180.672821 310.758545
gray000005 0.001714 326.334290 273.721924 362.867615 324.148804
gray000005 0.001658 227.030502 207.514999 245.220657 219.110580
gray000005 0.001645 254.152130 231.539368 266.725861 243.294037
gray000005 0.001614 199.272385 230.531418 209.126785 240.219589
gray000005 0.001598 137.764404 272.632965 178.384399 297.048981
gray000005 0.001523 191.831879 350.001312 200.482025 361.637482
gray000005 0.001519 261.188599 208.751099 273.748657 218.248627
gray000005 0.001421 249.747253 214.251770 257.359192 223.686676
gray000005 0.001313 201.799728 227.783218 209.356461 233.420975
gray000005 0.001304 246.365723 208.461075 277.796082 230.511917
gray000005 0.001275 220.126816 214.863068 235.965164 225.433044
gray000005 0.001274 206.149887 234.457779 235.527512 256.673187
gray000005 0.001267 213.740677 239.667770 226.456497 249.920944
gray000005 0.001250 165.064011 261.872955 176.160355 275.707245
gray000005 0.001246 184.242188 345.379089 193.282898 355.114197
gray000005 0.001236 158.120560 295.742889 172.230453 304.748016
gray000005 0.001143 164.707703 304.874542 196.104706 327.836517
gray000005 0.001124 226.533737 207.315125 263.717041 220.034637
gray000005 0.001071 153.734192 258.844360 189.964539 282.491150
gray000005 0.001070 260.931244 213.820953 272.798859 224.686066
gray000005 0.001005 202.833160 211.857101 240.537872 231.665421
gray000006 0.393215 314.604156 273.417877 339.885895 294.166473
gray000006 0.239309 318.373352 276.497803 336.257324 289.529846
gray000006 0.023304 205.798111 278.069092 217.766891 292.188232
gray000006 0.012240 319.010681 264.168823 337.294250 305.538269
gray000006 0.005800 352.843903 278.474823 361.235809 290.445526
gray000006 0.005533 203.897034 271.658356 219.010956 299.688324
gray000006 0.005303 195.700134 273.119904 228.832520 298.104828
gray000006 0.004516 360.247681 272.899902 365.922852 282.864197
gray000006 0.004188 202.205093 279.568085 211.328049 289.815582
gray000006 0.003616 347.142151 274.483368 366.356201 294.693085
gray000006 0.003324 360.559174 278.668518 366.321075 289.076721
gray000006 0.001452 198.867844 275.055847 213.962845 295.386719
gray000006 0.001139 353.022858 285.381744 359.280731 296.721405
gray000007 0.446213 155.852264 263.264099 213.419617 321.565674
gray000007 0.034849 166.159744 265.763550 200.856277 307.627686
gray000007 0.003660 180.416656 264.231995 196.446686 306.452820
gray000007 0.003599 290.138794 168.377670 399.675415 250.620804
gray000007 0.001487 264.800293 220.621460 344.533691 334.707275
gray000007 0.001076 160.711197 237.927536 250.141769 317.779053
gray000008 0.262834 324.338470 260.029510 363.401154 302.507904
gray000008 0.010836 185.239731 189.250305 194.216995 206.003479
gray000008 0.009069 179.652618 184.384155 198.298279 207.468079
gray000008 0.008747 155.803802 159.080994 186.120483 211.802612
gray000008 0.005779 310.650055 241.709167 377.543793 321.015015
gray000008 0.004331 148.622452 166.246674 182.213242 193.828339
gray000008 0.004208 338.901550 258.250092 356.986145 295.783905
gray000008 0.002975 161.641647 151.335037 204.859482 216.428177
gray000008 0.001578 74.105957 149.407715 222.535370 331.161407
gray000008 0.001288 93.078514 222.559723 204.003632 303.873627
gray000008 0.001100 140.209534 157.178619 170.929413 214.327667
gray000009 0.288569 380.974274 262.569946 414.209930 288.323608
gray000009 0.037597 334.921265 292.324554 394.212036 337.288666
gray000009 0.013232 388.127991 258.827118 406.886047 284.438934
gray000009 0.004905 378.618958 260.129822 429.959656 301.428162
gray000009 0.002235 357.945251 290.134033 422.894592 331.726196
gray000009 0.001122 345.922485 264.056915 437.503174 345.166473
gray000009 0.001063 383.725769 276.715240 429.631409 317.402496
gray000009 0.001010 338.734924 302.404816 375.830383 329.250031
gray000010 0.019182 295.941895 259.015930 390.021423 355.910950
gray000010 0.018272 184.329407 368.907623 193.233826 375.943878
gray000010 0.017791 367.378082 352.840942 377.496185 361.103821
gray000010 0.008228 313.605194 290.083008 348.053253 339.152588
gray000010 0.007489 171.540283 362.641815 203.828308 382.045563
gray000010 0.007436 183.400452 362.326050 191.930969 370.040283
gray000010 0.007059 167.875427 259.628815 249.295074 342.392426
gray000010 0.005885 180.836823 358.886993 196.227448 385.658173
gray000010 0.005356 154.164368 168.765320 161.724121 174.652161
gray000010 0.004627 348.374329 199.157135 441.584473 290.131409
gray000010 0.004248 151.232742 161.840302 162.982590 170.565125
gray000010 0.003690 183.232224 373.796997 195.425613 384.878479
gray000010 0.003511 328.542572 271.407623 336.982147 285.059113
gray000010 0.003233 165.597656 353.287811 198.537048 377.948029
gray000010 0.002941 326.278992 301.350800 357.176392 349.224640
gray000010 0.002505 324.019073 265.596283 341.411224 289.356659
gray000010 0.002427 344.860657 307.025818 350.602295 328.747437
gray000010 0.002236 177.055847 361.515869 186.420380 368.783813
gray000010 0.002149 130.146072 178.617203 137.563858 185.021561
gray000010 0.002148 110.033661 128.365921 432.881134 412.487000
gray000010 0.002109 258.939941 267.048309 371.318726 332.450653
gray000010 0.001683 158.654984 309.054047 253.424088 381.097687
gray000010 0.001667 364.478516 353.326843 370.314819 361.035461
gray000010 0.001509 173.258484 366.193054 191.136047 376.071838
gray000010 0.001270 169.373413 361.924133 178.523529 370.916077
gray000010 0.001195 99.870819 217.048798 103.866684 222.349762
gray000010 0.001172 157.977814 334.078064 216.317444 410.528076
gray000010 0.001139 144.321060 170.419891 155.114761 178.026276
gray000010 0.001127 97.381287 210.586502 103.273712 217.721634
gray000010 0.001124 134.839005 178.257767 144.335281 184.696060
gray000010 0.001054 175.044235 357.226868 188.830338 386.267273
gray000011 0.634621 128.133423 231.660721 158.887024 256.776672
gray000011 0.294970 143.398987 273.098663 172.432861 296.201874
gray000011 0.036374 57.834843 234.381271 64.836296 244.223160
gray000011 0.035897 55.606674 236.815094 67.437706 249.413422
gray000011 0.010832 51.385918 233.821945 71.743484 253.533371
gray000011 0.006237 153.206985 276.636932 172.682114 291.656158
gray000011 0.004038 62.825840 238.973694 70.926338 248.516968
gray000011 0.002559 135.489136 284.738495 147.148621 298.826447
gray000011 0.002442 145.335419 285.374939 165.541168 295.952698
gray000011 0.002426 56.454422 229.897003 77.309280 258.986084
gray000011 0.001214 138.364548 281.146851 158.792892 300.643188
gray000011 0.001200 62.673672 233.526474 70.884323 243.064377
gray000011 0.001151 137.261002 236.624100 156.021683 253.155441
gray000012 0.403741 78.809570 257.178467 199.111725 334.482117
gray000012 0.009658 27.328156 235.591888 215.342285 360.265656
gray000012 0.009645 111.902344 231.158020 185.181396 363.471924
gray000012 0.001449 31.770645 130.940048 439.500610 488.370117
gray000012 0.001094 90.867752 264.731842 156.039429 327.459381
gray000013 0.709174 130.785797 335.474670 199.155884 390.760559
gray000013 0.026809 146.037521 342.907623 182.538162 384.253571
gray000013 0.011477 133.549118 264.527252 163.689316 287.511566
gray000013 0.009391 109.610550 311.703217 200.729752 375.936920
gray000013 0.002199 293.757874 147.526001 379.952454 263.577209
gray000013 0.001424 130.230911 259.157654 172.555588 298.207092
gray000014 0.379209 188.334747 231.752167 208.700958 252.452148
gray000014 0.003768 161.950272 233.976151 171.057693 238.565872
gray000014 0.002458 167.573395 241.803467 179.856171 246.424530
gray000014 0.002370 168.936920 234.740768 175.864044 238.837234
gray000014 0.002275 312.482178 321.659332 354.345398 343.790253
gray000014 0.001720 325.339020 329.720062 339.848602 337.762543
gray000015 0.402048 332.788422 295.430664 367.178009 324.913025
gray000015 0.034814 332.559906 280.593079 378.110748 335.976746
gray000015 0.009045 311.059814 269.456055 385.138550 351.894043
gray000015 0.003301 95.833160 275.006775 153.333252 321.094421
gray000015 0.002970 117.047623 282.972656 143.701675 317.261292
gray000015 0.001425 341.469849 298.839020 356.231079 328.227570
gray000016 0.474250 84.056442 244.590576 201.345535 344.771851
gray000016 0.018679 371.059357 330.220276 407.228363 352.396606
gray000016 0.004426 274.424500 118.582703 406.642273 245.387878
gray000016 0.003550 373.854523 332.534637 390.736115 349.807037
gray000017 0.255077 226.512253 288.781158 274.994049 368.115997
gray000017 0.071755 243.907196 298.743713 279.894684 358.077148
gray000017 0.060421 222.504135 285.612640 253.386551 348.004059
gray000017 0.032878 251.714264 213.068298 283.744232 258.096008
gray000017 0.002528 239.855774 328.491699 269.225403 352.201294
gray000017 0.001707 257.614777 302.934235 299.482880 350.397552
gray000017 0.001585 497.486664 271.826813 509.347626 283.071198
gray000017 0.001294 232.361404 247.286469 304.614594 361.577545
gray000017 0.001286 209.514008 278.667084 237.069489 348.146027
gray000017 0.001033 236.786682 205.147308 299.209961 286.554688
gray000018 0.081468 112.536713 289.943512 155.046478 331.554657
gray000018 0.029648 110.061111 294.311737 142.551086 321.530853
gray000018 0.008977 123.863754 291.059082 139.202896 326.067444
gray000018 0.003516 116.372581 279.192657 135.187958 326.514496
gray000018 0.002207 154.668427 269.990356 174.885742 295.996704
gray000018 0.001022 103.554932 261.968323 191.848633 332.470154
gray000019 0.033945 100.491737 185.385849 171.075836 312.804810
gray000019 0.026210 251.438202 134.514130 401.522858 271.620239
gray000019 0.010014 89.652657 270.349243 120.171791 320.842041
gray000019 0.009264 74.439850 166.685196 205.093018 321.842651
gray000019 0.007737 160.491577 36.352722 449.671692 377.338989
gray000019 0.004361 125.423050 160.831146 176.193466 282.338684
gray000019 0.004192 73.708046 275.832703 111.853127 312.860229
gray000019 0.003057 77.497154 283.222229 108.177040 302.938171
gray000019 0.002641 401.701752 256.402893 408.972382 265.724609
gray000019 0.002352 93.599106 275.722229 146.422882 321.236145
gray000019 0.001869 123.109367 197.986221 152.086777 269.781799
gray000019 0.001781 137.580612 201.209686 165.626602 266.330902
gray000019 0.001765 81.455368 290.247253 131.992996 326.705261
gray000019 0.001398 89.818153 221.092392 153.529755 334.035645
gray000019 0.001313 386.919006 222.820969 419.750793 251.642380
gray000020 0.568936 119.663818 260.439545 181.491211 325.444672
gray000020 0.017451 129.606552 272.148407 164.713150 313.273651
gray000020 0.010230 122.874252 249.609070 207.770950 348.357117
gray000020 0.002334 323.000458 320.742798 329.510590 329.588562
gray000021 0.347310 343.468140 315.843750 373.446655 345.187744
gray000021 0.003565 328.489227 304.709595 375.290253 360.064270
gray000022 0.410242 306.864166 292.759766 341.821442 319.789246
gray000022 0.187215 301.735962 273.915833 351.904297 331.117493
gray000022 0.002358 311.206696 290.004059 328.583893 322.961212
gray000022 0.001741 278.762665 267.248535 377.557770 333.057129
gray000023 0.821720 309.929138 271.986359 337.139221 296.771698
gray000023 0.011239 342.127930 294.738892 355.318054 303.934570
gray000023 0.005767 335.537567 288.550964 347.885040 299.930725
gray000023 0.004263 339.948944 290.400696 356.282318 299.252563
gray000023 0.003761 124.782074 267.439697 178.619324 303.530090
gray000023 0.002994 310.233612 276.842651 329.652740 291.916260
gray000023 0.002221 337.253815 289.409149 362.585236 310.073273
gray000023 0.001448 315.381653 278.579956 333.615356 300.437622
gray000024 0.264935 288.800842 281.267639 367.720032 337.681335
gray000024 0.005057 149.015472 289.384949 192.137665 334.139099
gray000024 0.003338 307.641144 273.306458 347.139435 331.427734
gray000024 0.001065 310.571777 262.787231 409.245728 351.768372
gray000025 0.123845 120.985504 320.891449 127.902008 331.065155
gray000025 0.018010 186.119965 313.854950 191.575623 320.373383
gray000025 0.015286 321.356201 350.192291 329.553467 360.897308
gray000025 0.008981 202.639557 168.360779 300.221313 240.177063
gray000025 0.004962 113.901794 314.392273 133.980316 336.127869
gray000025 0.004476 184.936020 335.583374 191.915298 343.230957
gray000025 0.003448 115.646271 320.391479 122.601486 333.054077
gray000025 0.003202 113.245071 281.620239 120.651001 287.503601
gray000025 0.002101 178.573837 327.377228 184.950027 339.324127
gray000025 0.001473 137.628616 325.988159 144.638443 337.253540
gray000025 0.001423 317.388641 343.642578 331.238617 367.785400
gray000025 0.001202 91.113274 171.629166 96.989250 177.227005
gray000026 0.674973 102.167892 272.929016 173.351059 322.740540
gray000026 0.006404 121.253197 275.287231 153.301147 320.072388
gray000026 0.003690 101.305252 290.762787 145.857681 323.632172
gray000026 0.001459 505.516418 270.019928 510.201294 285.342499
gray000026 0.001186 118.474174 262.200745 210.688354 352.267212
gray000026 0.001083 137.210968 276.998291 176.369690 307.709778
gray000027 0.152570 199.336197 196.954132 261.126801 301.306946
gray000027 0.056989 210.608780 215.201843 250.271866 280.942535
gray000027 0.007240 227.168472 188.834335 323.043945 293.747986
gray000027 0.003183 269.766907 252.400345 303.666016 282.404388
gray000027 0.002009 247.000854 162.089767 359.289429 252.538101
gray000027 0.001874 173.005386 159.073227 361.768066 319.356628
gray000027 0.001632 226.019485 222.198273 262.620605 274.939056
gray000027 0.001547 193.708755 217.329376 202.105240 224.266998
gray000027 0.001541 273.846527 192.331573 327.569366 243.061432
gray000027 0.001093 191.220810 209.856781 220.130112 233.761505
gray000028 0.248944 188.537445 266.449280 248.062775 359.360352
gray000028 0.038517 204.208206 291.557220 238.185318 358.072296
gray000028 0.009783 301.678009 238.984116 329.481903 294.101288
gray000028 0.008862 185.362381 273.670135 223.411392 325.575897
gray000028 0.004014 186.342239 228.802536 236.394241 327.470032
gray000028 0.002120 301.340424 302.749115 324.257111 359.391571
gray000028 0.001844 208.928329 286.826111 262.122955 372.865051
gray000028 0.001041 202.938141 322.845825 258.218506 356.850708
gray000029 0.643973 283.701416 259.425323 330.912903 299.707916
gray000029 0.004562 164.424469 292.372406 197.400269 307.787628
gray000029 0.002563 191.690659 295.635315 201.736374 306.640381
gray000029 0.001827 300.134644 265.602020 318.789856 298.839691
gray000029 0.001725 172.412994 295.810791 189.461700 304.379456
gray000029 0.001015 191.808624 303.326172 201.213165 311.057495
gray000030 0.422677 111.280029 211.827774 201.911499 323.689331
gray000030 0.015387 74.525406 174.866730 218.175461 333.452850
gray000030 0.006819 338.465302 223.005676 414.247589 311.938171
gray000030 0.003332 135.070755 231.292480 172.293106 301.371521
gray000031 0.598917 161.509048 325.884766 197.140579 355.849243
gray000032 0.459277 153.408356 238.859314 190.542389 268.007446
gray000032 0.069609 174.768921 296.586884 204.517944 323.833649
gray000032 0.017046 182.687668 303.428345 197.580002 325.846008
gray000032 0.014320 162.187988 226.568359 194.460480 277.466644
gray000032 0.005722 185.505508 309.013947 207.273819 322.695526
gray000032 0.004698 188.154053 301.759460 203.421600 327.798523
gray000032 0.004562 129.962433 209.355301 210.583344 295.168823
gray000032 0.002011 162.450638 230.636215 181.659653 265.337616
gray000032 0.001533 202.746582 226.785583 233.871796 266.569366
gray000033 0.131513 244.501495 131.603607 364.522430 227.487427
gray000033 0.130601 207.023682 207.880661 217.507233 218.355057
gray000033 0.088971 202.641373 313.446503 207.074265 322.206757
gray000033 0.046796 200.770218 318.044464 207.454697 328.619049
gray000033 0.034307 320.850037 183.680908 377.271851 244.167755
gray000033 0.018410 288.340881 152.130890 383.272095 257.064484
gray000033 0.015088 203.616089 206.000458 221.134064 221.514771
gray000033 0.010950 178.235397 336.036377 185.089096 343.295959
gray000033 0.010509 143.565689 210.813614 155.359756 217.930405
gray000033 0.009048 145.277588 214.606812 153.143524 225.465881
gray000033 0.008155 121.490158 244.999542 152.448044 288.182159
gray000033 0.007963 320.315369 223.437897 328.534546 231.149658
gray000033 0.006906 329.074249 209.354401 355.510590 230.875824
gray000033 0.006131 200.241028 207.797943 213.535004 217.624420
gray000033 0.005041 193.894348 312.921265 203.366486 320.507751
gray000033 0.004625 207.144623 312.292664 212.856201 323.446533
gray000033 0.004043 174.611298 95.804001 370.179230 263.073914
gray000033 0.003629 175.985779 297.545410 183.857422 305.108948
gray000033 0.003589 184.968231 329.311981 193.629669 336.875458
gray000033 0.003535 175.456345 303.774414 183.344498 311.304932
gray000033 0.003475 108.000366 240.552200 141.970474 290.461090
gray000033 0.003121 192.210907 327.085846 202.495575 336.494965
gray000033 0.003082 170.138077 298.111908 177.974655 305.328217
gray000033 0.002967 193.751648 321.936340 201.916992 327.106018
gray000033 0.002896 167.532059 304.223724 180.572769 310.371185
gray000033 0.002826 149.449066 210.850616 161.331512 217.491974
gray000033 0.002533 178.800674 329.770203 185.032333 338.211731
gray000033 0.002365 329.026794 201.760376 367.133362 226.152679
gray000033 0.002114 128.341309 150.591263 180.207977 191.566574
gray000033 0.002071 183.540665 335.816010 192.933243 342.013458
gray000033 0.001895 198.286636 234.179672 212.102768 241.553116
gray000033 0.001818 198.859253 325.241974 206.400330 336.822418
gray000033 0.001509 144.122742 144.833588 197.942017 196.896057
gray000033 0.001438 187.117126 323.312622 192.402771 328.822571
gray000033 0.001322 264.776581 112.091743 393.764130 297.013550
gray000033 0.001318 152.649567 293.161804 176.413818 311.161987
gray000033 0.001251 191.950607 314.656830 215.381699 335.282013
gray000033 0.001213 192.438232 228.191025 217.384491 247.652054
gray000033 0.001170 162.056839 330.274078 199.839859 350.770721
gray000033 0.001158 61.929092 1.000000 473.353760 370.642426
gray000033 0.001153 322.029572 219.946381 331.584686 226.666260
gray000033 0.001116 251.548981 174.685120 317.764435 222.883575
gray000033 0.001113 373.890472 239.498566 385.595184 248.930328
gray000034 0.497940 122.517700 238.205627 175.425995 293.237976
gray000034 0.017247 105.862946 223.846405 178.998657 318.777863
gray000034 0.001638 134.656403 247.562698 176.702087 277.350494
gray000035 0.377170 134.695633 234.200516 227.369156 319.630188
gray000035 0.016968 153.386063 247.559494 187.362839 307.966827
gray000035 0.011304 163.998245 250.547424 204.205643 308.263245
gray000035 0.009333 296.310394 318.889282 334.959686 363.445251
gray000035 0.005937 111.266670 225.349091 243.884705 377.157928
gray000035 0.005657 248.448730 340.249237 278.294495 380.790741
gray000035 0.004029 91.168289 250.620590 202.403183 340.653076
gray000035 0.002855 178.107864 255.735016 217.855453 302.210907
gray000035 0.002726 207.657669 380.983795 216.605576 402.123505
gray000035 0.002455 240.089523 324.614655 285.649475 395.970551
gray000035 0.002329 231.032440 360.135254 243.293457 384.361511
gray000035 0.002326 193.286255 381.247284 228.239044 400.576935
gray000035 0.002301 160.765121 244.271957 235.588638 296.654114
gray000035 0.002007 233.858368 358.710602 252.472504 387.271088
gray000035 0.001799 211.282898 301.815979 292.257751 361.215149
gray000035 0.001611 292.254089 294.138672 381.030762 369.113525
gray000035 0.001354 233.330002 366.521545 242.336685 377.117493
gray000035 0.001247 141.990219 369.081665 172.967026 395.995911
gray000035 0.001080 239.119995 365.570526 248.538300 380.638336
gray000036 0.950140 134.807037 244.331177 146.847778 257.271027
gray000036 0.130737 131.344696 240.344162 150.931641 261.925659
gray000036 0.006123 130.130203 246.030426 142.919083 255.130493
gray000036 0.005505 137.399948 246.167694 153.526474 255.795807
gray000036 0.003050 142.791092 262.277313 150.470810 272.083221
gray000036 0.001638 138.543793 262.057922 144.628571 270.583130
gray000036 0.001094 137.838165 248.956161 144.943237 266.029144
gray000037 0.569916 149.176895 324.634583 198.561386 389.137817
gray000037 0.032307 152.727310 340.097534 190.639175 375.676819
gray000037 0.004400 314.710785 333.818115 320.347931 346.791077
gray000037 0.001510 303.684204 331.551544 331.464905 350.112518
gray000037 0.001269 163.785629 333.989777 181.048599 382.432098
gray000038 0.283670 328.097809 310.986572 388.186798 370.989929
gray000038 0.016683 297.620178 291.291504 395.569153 384.449890
gray000038 0.009673 142.273880 329.685150 184.967117 348.309113
gray000038 0.005160 128.968002 313.617340 186.432449 351.987213
gray000038 0.003990 73.956848 247.790314 137.105942 352.659637
gray000038 0.001914 149.424393 322.877197 165.832565 345.893127
gray000038 0.001650 85.640343 265.261597 122.405724 332.496948
gray000038 0.001543 331.119171 273.617157 417.523529 353.899506
gray000039 0.045115 160.464508 313.397736 168.601440 319.242706
gray000039 0.036950 209.864105 242.543930 216.272827 249.896042
gray000039 0.020123 168.423279 338.368408 194.593323 359.037292
gray000039 0.014753 183.019165 340.076111 194.864838 357.035034
gray000039 0.012683 175.395172 341.794830 189.126892 356.522980
gray000039 0.012208 143.019333 304.355347 162.256180 360.513184
gray000039 0.008125 181.402252 332.428467 197.068909 362.720276
gray000039 0.006771 126.788696 306.139587 151.802277 354.284363
gray000039 0.006549 275.778900 230.675430 402.159637 318.402893
gray000039 0.006019 136.791382 354.871338 143.691101 363.407166
gray000039 0.004804 210.228912 193.833282 249.661377 215.299255
gray000039 0.003798 219.438980 190.293442 237.929123 203.428513
gray000039 0.003663 156.612823 307.176208 183.114197 357.132568
gray000039 0.003468 214.013306 188.315460 244.693329 207.528412
gray000039 0.003150 221.736938 196.528595 236.268677 210.880707
gray000039 0.002967 81.107094 339.298828 126.149223 389.866272
gray000039 0.002472 111.563164 302.358978 135.873367 356.266449
gray000039 0.002340 168.868347 216.898361 179.262817 224.449753
gray000039 0.002313 56.954369 309.698914 88.718513 353.197632
gray000039 0.002163 140.932022 317.278717 154.813278 346.837189
gray000039 0.002162 168.248871 342.682770 181.207092 355.119965
gray000039 0.002160 213.901108 189.704285 227.933060 203.173492
gray000039 0.001925 176.059616 346.899628 185.651199 362.346527
gray000039 0.001800 74.594475 191.278290 138.954010 247.179047
gray000039 0.001643 158.956879 209.181900 187.309692 232.707138
gray000039 0.001613 135.325989 358.271393 144.157379 368.205048
gray000039 0.001599 214.606110 184.043289 229.475739 210.351273
gray000039 0.001472 94.375298 334.487122 104.796761 343.209900
gray000039 0.001391 170.973022 304.434998 197.644958 357.714233
gray000039 0.001293 96.083374 266.437073 104.295395 269.859375
gray000039 0.001224 173.276352 217.098969 186.304184 223.727234
gray000039 0.001222 227.698578 197.626587 243.131256 210.866608
gray000039 0.001183 188.962616 340.904968 201.556396 356.478516
gray000039 0.001145 207.193497 245.275925 216.988907 255.747604
gray000039 0.001113 107.902557 294.843323 139.056808 334.086182
gray000039 0.001063 147.864090 233.144135 162.879013 239.582733
gray000040 0.576656 133.186996 221.212524 159.344193 249.935699
gray000040 0.012290 139.354294 226.683884 153.708633 245.546036
gray000040 0.011853 122.179520 212.090424 161.749313 257.773926
gray000040 0.006696 58.257645 223.611877 65.565109 231.249176
gray000040 0.006066 131.064758 264.554077 169.328094 288.060181
gray000041 0.673659 160.755981 252.280258 217.573029 308.664673
gray000041 0.002046 159.641876 262.797363 192.599304 301.527405
gray000041 0.001444 169.214630 268.282135 206.443176 299.629242
gray000042 0.511523 130.720901 271.610199 163.156509 300.891022
gray000042 0.005664 138.351227 267.159241 156.931183 293.702026
gray000042 0.004985 324.678070 255.987854 423.041779 343.320618
gray000042 0.002662 147.067276 276.726593 162.050735 304.103058
gray000042 0.001031 136.563019 272.373322 191.963989 315.935028
gray000043 0.289847 176.787857 224.892090 204.501846 283.067932
gray000043 0.067445 162.897919 216.448853 230.905914 307.421082
gray000043 0.003004 367.965424 290.347839 377.069427 298.471436
gray000043 0.002393 363.128357 265.405090 421.683350 303.655884
gray000043 0.002293 176.286942 242.331573 217.177078 265.811188
gray000043 0.002154 232.915466 211.750397 261.571136 251.794434
gray000043 0.001325 121.904739 200.468689 281.378052 333.294800
gray000044 0.295057 181.223206 276.784271 216.745789 304.518768
gray000044 0.010248 165.886765 270.827026 217.594254 314.830200
gray000044 0.002788 329.600586 307.044434 396.904297 354.592041
gray000044 0.001347 356.572235 312.115112 387.524323 348.524597
gray000045 0.618886 99.559341 250.157257 203.114944 344.550690
gray000045 0.001822 132.669174 247.775299 167.197556 343.906586
gray000045 0.001236 117.210648 243.473267 188.226730 297.353638
gray000045 0.001122 83.305374 226.331604 243.969284 376.462341
gray000045 0.001120 408.947266 124.062607 417.168152 139.189957
gray000045 0.001107 308.540619 129.165451 418.912872 286.887329
gray000046 0.018651 159.795471 159.649048 187.464783 184.355621
gray000046 0.009836 167.812561 159.251160 179.336090 171.308289
gray000046 0.006700 165.638977 154.013748 181.639099 178.538589
gray000046 0.005630 154.785370 159.936798 186.209747 208.193237
gray000046 0.004427 275.680939 182.719299 293.400116 210.935883
gray000046 0.004352 89.877350 170.627350 209.459442 325.572784
gray000046 0.003869 239.396118 193.399078 249.696045 204.422516
gray000046 0.003801 93.069580 273.574951 153.293243 326.180054
gray000046 0.003789 81.313683 222.343781 159.694672 341.967682
gray000046 0.002847 76.460114 238.514557 137.861633 295.730804
gray000046 0.002760 171.197922 149.634003 187.687637 183.062561
gray000046 0.002346 160.252075 163.811478 171.578094 179.364090
gray000046 0.002337 102.394714 259.773254 136.889862 340.192261
gray000046 0.002232 175.209656 240.473984 187.499084 250.123550
gray000046 0.002135 166.245804 160.898193 201.086563 211.637268
gray000046 0.001952 267.740204 185.753021 288.848297 207.754791
gray000046 0.001919 156.114334 182.041611 181.981888 252.780258
gray000046 0.001791 138.077927 155.670380 199.596786 283.302002
gray000046 0.001790 136.769409 147.945923 170.380554 194.198273
gray000046 0.001569 171.833847 157.493439 186.767990 172.695221
gray000046 0.001368 94.037079 305.292725 123.434189 330.652832
gray000046 0.001306 238.731598 199.123550 250.699677 207.488235
gray000046 0.001282 279.911713 187.616791 289.806854 206.629639
gray000046 0.001081 145.915482 148.676865 192.996750 196.240280
gray000047 0.040327 245.556763 310.590942 321.743530 373.720459
gray000047 0.007608 152.225723 234.227325 268.806610 311.598480
gray000047 0.006854 274.068909 309.942871 295.713867 372.654785
gray000047 0.001572 194.585632 214.294403 286.277802 276.117065
gray000047 0.001296 231.220688 225.800507 303.852081 317.416840
gray000047 0.001236 259.990479 244.199234 307.766357 281.570679
gray000048 0.002458 322.247467 288.950806 329.141449 296.462402
gray000049 0.678364 162.344421 268.328186 209.361664 320.519592
gray000049 0.081368 160.884552 273.353821 198.735657 301.339966
gray000049 0.030546 174.796463 284.212463 202.176224 316.216614
gray000049 0.007586 165.683838 268.389496 185.124298 304.445770
gray000049 0.006761 172.409027 272.090424 191.555176 312.192291
gray000050 0.530249 66.959885 239.986969 120.613480 300.059723
gray000050 0.024795 60.944351 263.043884 96.079514 286.711609
gray000050 0.015715 143.328217 252.219299 169.089172 286.736267
gray000050 0.013470 69.301865 252.499969 87.689682 296.951385
gray000050 0.008941 169.250641 281.725922 178.977814 287.653534
gray000050 0.006757 83.202515 244.582275 113.958832 287.822937
gray000050 0.005597 108.172729 248.391068 173.103516 313.091858
gray000050 0.004252 74.608437 258.772858 91.533470 289.782623
gray000050 0.003106 148.142776 256.689423 191.649948 304.631378
gray000050 0.001781 242.215881 400.242767 247.561554 411.085907
gray000050 0.001406 165.448822 284.824463 180.204071 297.055725
gray000050 0.001025 136.589218 258.471497 190.988022 281.113403
gray000051 0.211481 329.908508 282.259308 383.580078 340.036285
gray000051 0.012241 347.004303 259.079987 395.200043 364.626251
gray000051 0.002636 140.426270 316.141479 172.439301 336.680420
gray000051 0.001812 113.224655 311.724213 162.768112 344.697968
gray000052 0.328798 114.786209 190.418274 168.337662 239.446381
gray000052 0.218137 120.306656 201.671494 161.568924 226.912643
gray000052 0.009012 130.948257 201.865402 152.541672 235.464554
gray000052 0.003999 116.428192 169.908325 188.707062 248.793427
gray000052 0.002746 126.545418 196.514313 145.023163 230.015289
gray000052 0.002040 24.378586 13.659729 455.540771 271.865356
gray000053 0.034324 195.092773 136.632553 297.809387 225.612076
gray000053 0.029288 221.048584 164.708008 278.841797 230.358032
gray000053 0.023979 217.199005 166.836853 331.572479 244.877136
gray000053 0.008886 271.767487 191.182220 327.900909 239.470642
gray000053 0.008046 148.029434 89.173615 393.589111 313.068268
gray000053 0.003312 235.326050 147.038116 369.681030 225.591278
gray000054 0.508641 123.410263 240.892944 178.035446 287.894348
gray000054 0.183680 139.442154 254.812134 172.949020 283.910095
gray000054 0.006829 137.408615 230.730225 167.087997 280.752960
gray000054 0.001068 117.897308 207.932053 183.372375 299.051147
gray000055 0.820911 152.590683 227.990738 156.603531 232.510788
gray000055 0.681253 152.999817 233.750595 157.167450 237.086441
gray000055 0.155412 149.545288 228.073395 153.667389 233.769714
gray000055 0.085609 148.128296 233.184601 153.398865 236.295959
gray000055 0.064185 145.341751 249.811569 150.011154 252.528854
gray000055 0.062794 153.448776 218.907318 158.156723 229.344574
gray000055 0.049901 138.681015 250.843185 143.060165 255.173386
gray000055 0.034514 130.653519 251.368698 137.214706 257.616119
gray000055 0.021239 200.912689 208.318253 212.246307 216.441971
gray000055 0.014344 200.441406 248.710785 207.077698 256.823700
gray000055 0.013191 205.587738 206.561340 217.380280 216.971710
gray000055 0.008850 160.296967 219.973267 164.826843 225.071228
gray000055 0.008829 190.061676 254.422791 200.974579 264.462036
gray000055 0.007894 145.304001 222.870544 164.993668 235.932556
gray000055 0.007776 191.522888 247.963104 200.711945 257.332336
gray000055 0.005633 180.071030 241.280594 210.890671 264.437775
gray000055 0.004688 183.494019 247.108597 196.103729 256.957336
gray000055 0.004665 148.009277 241.385422 150.631439 244.886276
gray000055 0.004449 339.963776 224.145493 343.947601 230.932388
gray000055 0.004389 158.921234 227.976135 164.589020 232.095245
gray000055 0.004019 310.211304 281.457855 337.286682 303.320770
gray000055 0.003829 153.441162 240.974777 156.763702 243.450089
gray000055 0.003450 343.957062 233.055283 350.506073 238.884201
gray000055 0.003348 130.189133 263.913177 135.974686 274.627655
gray000055 0.003103 339.539978 218.572418 344.642273 226.797913
gray000055 0.002876 127.494873 271.322235 135.744537 280.525543
gray000055 0.002486 131.527161 254.100952 136.490509 263.262451
gray000055 0.002189 163.274048 209.718216 167.113586 218.697647
gray000055 0.001847 198.132080 199.923264 226.613861 223.289322
gray000055 0.001825 196.188370 236.655197 210.986862 269.198578
gray000055 0.001769 299.901855 276.257996 334.116333 296.621399
gray000055 0.001738 342.973206 226.627686 349.960266 231.660583
gray000055 0.001641 201.417343 241.246964 208.897720 248.284714
gray000055 0.001377 152.988876 249.338501 157.481827 253.592590
gray000055 0.001220 202.415771 236.480103 207.103088 241.325592
gray000055 0.001189 192.386444 243.335464 200.265350 249.687180
gray000055 0.001161 207.229675 242.567505 215.620453 247.830170
gray000055 0.001135 127.121239 252.102356 138.836700 284.921997
gray000055 0.001022 316.651154 287.168518 333.055878 298.817688
gray000056 0.412362 75.651360 236.572388 126.654457 292.547546
gray000056 0.011961 62.180588 259.270081 93.600586 282.423462
gray000056 0.002541 271.533386 305.078827 311.692566 327.916473
gray000056 0.002259 82.741081 250.751465 117.156654 285.195007
gray000056 0.001856 69.045326 258.433594 85.670387 291.573608
gray000056 0.001831 283.279236 303.327972 300.745117 331.629547
gray000056 0.001184 66.856766 251.918213 112.215591 295.982056
gray000056 0.001015 319.759766 287.187836 343.930664 314.542572
gray000056 0.001001 92.562935 246.973541 108.831825 277.302643
gray000057 0.490436 251.315826 219.159103 316.833344 270.219482
gray000057 0.005637 273.792816 226.045395 311.313202 265.727783
gray000057 0.002197 207.318832 229.558441 280.466644 314.560211
gray000057 0.001342 210.891251 217.692078 333.471985 284.806671
gray000058 0.542922 166.138275 225.107513 194.740021 276.411987
gray000058 0.037835 149.201157 215.445267 214.546249 288.430298
gray000058 0.025106 173.401306 237.283829 199.277130 269.954315
gray000058 0.007558 336.254456 230.421997 346.732422 245.349030
gray000058 0.006771 332.377808 225.322144 349.167786 249.234711
gray000058 0.003584 161.848114 231.914978 189.790863 261.234528
gray000058 0.003325 352.273010 220.698502 378.427063 251.045456
gray000058 0.002943 160.099060 218.857361 205.433624 261.681671
gray000058 0.001280 162.891907 224.611557 240.835266 317.445862
gray000058 0.001123 316.362030 200.135635 333.129242 240.931595
gray000059 0.316670 152.594315 242.025635 214.976730 363.622192
gray000059 0.268456 142.994080 267.937775 204.953735 333.161713
gray000059 0.004954 340.532593 313.112610 371.953491 333.948914
gray000059 0.003419 334.758972 344.307983 344.745361 352.832764
gray000059 0.003281 334.020599 291.040070 384.459808 334.002716
gray000059 0.002690 165.050827 286.695801 194.614578 316.081726
gray000059 0.002270 191.796326 334.856750 200.639343 344.546265
gray000059 0.001825 192.220032 329.737640 202.350830 338.684845
gray000059 0.001622 327.803009 263.709106 396.918915 341.487000
gray000059 0.001554 315.228516 316.108643 351.831360 335.813965
gray000059 0.001231 343.964966 294.694153 353.411682 307.552734
gray000060 0.605612 97.949646 225.331482 155.429260 278.813202
gray000060 0.005956 109.429153 233.945511 139.607910 282.313812
gray000060 0.005031 110.670731 281.218750 138.448074 305.717590
gray000060 0.004750 100.310074 211.050003 188.093338 290.964722
gray000060 0.002117 127.545967 168.949631 138.468048 176.580093
gray000060 0.001267 288.078430 195.526031 392.303528 286.947021
gray000060 0.001033 356.784363 313.410004 376.907654 339.100555
gray000061 0.392626 230.178711 309.667175 295.100220 372.747131
gray000061 0.050230 227.123276 281.508484 312.555969 388.302429
gray000062 0.516917 106.779129 294.794464 140.230911 321.389008
gray000062 0.010246 114.889862 292.315979 132.109314 316.062866
gray000062 0.004113 365.251190 280.297638 379.454193 289.806793
gray000062 0.002767 269.002045 206.336731 325.044952 261.291840
gray000062 0.001400 257.498810 267.579285 293.659454 289.778809
gray000062 0.001296 115.131607 299.821625 133.858047 327.868805
gray000062 0.001051 120.174385 232.953583 126.685570 238.634369
gray000063 0.550621 320.097107 274.258392 348.342590 301.022369
gray000063 0.066467 316.365326 266.774323 363.403229 305.969147
gray000063 0.004835 139.534195 264.251129 175.272079 286.610748
gray000063 0.002757 149.748077 262.325592 166.510651 288.519318
gray000063 0.002180 156.633575 261.056610 172.008789 289.055634
gray000064 0.390310 346.844208 167.069717 428.848663 262.713318
gray000064 0.011698 155.313889 247.040756 189.776810 274.555420
gray000064 0.006008 185.365158 174.927231 193.257339 185.330002
gray000064 0.001595 145.435669 220.973541 196.639252 283.361603
gray000064 0.001477 219.350616 90.853493 340.210785 197.726654
gray000064 0.001454 371.436462 180.103745 410.870544 249.937393
gray000064 0.001447 298.583771 81.187279 322.441620 106.855049
gray000064 0.001055 361.054047 173.687790 394.549957 238.062302
gray000065 0.325319 141.507935 288.376007 168.672211 310.547455
gray000065 0.225177 146.508789 293.133850 162.552490 305.968140
gray000065 0.013553 382.050354 265.446686 394.880005 271.007538
gray000065 0.004469 147.044128 289.138947 157.339935 301.671600
gray000065 0.002819 393.178711 272.304840 398.540649 279.977509
gray000065 0.002523 390.106140 265.823456 401.645996 273.864349
gray000065 0.002351 399.988617 248.015366 409.243256 258.899200
gray000065 0.002125 145.018646 294.530701 165.015076 319.079834
gray000065 0.002089 150.497101 300.352203 158.699951 311.710602
gray000065 0.001285 393.986206 242.973129 415.770691 264.683746
gray000065 0.001112 143.174667 300.591980 156.399399 311.431458
gray000066 0.028025 204.293671 131.142517 273.955322 210.638397
gray000066 0.015938 210.243591 272.695984 259.922150 319.882141
gray000066 0.004807 180.375031 111.887314 308.962524 192.898727
gray000066 0.002246 226.774063 291.182068 263.464600 324.973633
gray000066 0.002150 221.311310 225.376099 316.434052 319.055542
gray000067 0.392523 204.787369 348.867493 232.427261 370.629333
gray000067 0.046206 204.092987 356.343994 226.699371 368.809326
gray000067 0.042877 322.583923 378.330475 328.255737 383.578522
gray000067 0.004582 336.600677 384.771912 343.404083 390.642395
gray000067 0.002770 2.945962 331.667236 19.389877 367.830566
gray000067 0.002091 3.675556 340.990479 37.118263 371.619324
gray000067 0.001812 1.000000 326.801819 10.034822 371.742065
gray000067 0.001232 1.132209 331.905182 6.295916 350.520966
gray000067 0.001216 1.000000 327.750885 26.255138 395.716095
gray000068 0.094805 136.313736 170.829880 200.191025 296.053589
gray000068 0.063786 57.712074 181.936340 126.940147 228.457153
gray000068 0.048784 56.111473 161.606506 234.767853 307.515900
gray000068 0.045323 50.370872 104.630646 184.209961 365.595612
gray000068 0.020331 61.455948 160.814209 158.953796 258.881500
gray000068 0.003380 122.563477 224.424347 210.393494 302.624542
gray000068 0.002751 73.944786 181.528915 106.954201 225.606461
gray000068 0.002742 137.061401 222.541595 197.126282 273.556305
gray000068 0.001720 150.129868 199.138275 184.927383 269.480072
gray000068 0.001188 328.629456 198.985825 422.023987 276.984985
gray000069 0.353796 118.389511 213.950333 167.235611 265.845581
gray000069 0.098562 121.662933 225.277191 160.116486 254.122528
gray000069 0.052703 132.912506 290.423889 147.719025 297.652771
gray000069 0.011617 101.002228 196.924866 184.105499 294.347290
gray000069 0.011001 130.593933 219.803543 153.018616 265.908813
gray000069 0.001304 128.514084 286.188995 154.765762 301.957733
gray000069 0.001021 370.567230 256.212341 404.955353 282.153503
gray000070 0.815568 354.863373 327.655151 393.015167 351.900146
gray000070 0.005479 369.305634 326.498718 386.682831 353.644104
gray000070 0.001656 317.315399 293.401001 371.962616 333.723389
gray000070 0.001654 333.388824 320.509369 347.768829 327.789276
gray000071 0.027474 173.975479 352.820435 202.058853 375.304260
gray000071 0.026712 166.137344 339.941162 210.256271 374.805725
gray000071 0.010942 179.422852 359.114136 197.375305 370.728210
gray000071 0.001981 181.980972 367.170837 194.354935 378.446594
gray000071 0.001569 180.064346 351.207550 197.058029 364.357452
gray000071 0.001039 208.486755 352.844025 218.048309 360.036530
gray000072 0.508894 148.606445 286.637390 182.405029 315.896240
gray000072 0.055768 140.111725 279.667267 188.198853 333.062775
gray000072 0.001170 131.728165 257.013458 200.309860 343.009552
gray000073 0.015378 229.543655 123.587311 296.627899 247.060516
gray000073 0.011210 196.371185 109.735001 335.936920 315.902771
gray000073 0.006425 216.809448 158.547607 281.993408 210.749756
gray000073 0.004978 288.114105 258.734772 299.173004 264.729950
gray000073 0.003260 234.815979 178.734711 309.328125 293.697876
gray000073 0.002886 211.698990 147.674072 331.145050 212.794220
gray000073 0.002688 291.631287 225.648010 337.274231 274.058838
gray000073 0.002055 203.824524 197.333618 291.803314 345.806702
gray000073 0.001813 214.154877 152.587769 283.830719 277.743958
gray000073 0.001806 229.991653 171.971024 297.266266 225.726486
gray000073 0.001630 230.938293 182.313019 368.055237 350.709564
gray000073 0.001361 290.763306 231.774353 325.594421 257.569946
gray000073 0.001237 229.015106 148.794647 363.573822 271.612274
gray000073 0.001234 294.444366 258.048157 304.501312 265.171753
gray000074 0.036155 344.986908 328.505920 355.477936 337.370178
gray000074 0.034407 351.927155 328.526520 361.596405 336.617096
gray000074 0.005257 260.453430 147.354706 307.729065 167.713776
gray000074 0.004767 478.807770 426.030243 487.989044 433.254486
gray000074 0.004497 373.466827 318.179138 388.199005 329.991516
gray000074 0.002840 247.429321 149.856766 312.491455 191.882675
gray000074 0.002355 339.446167 288.318176 392.970886 340.440857
gray000074 0.001921 354.604218 321.564819 362.433441 332.953308
gray000074 0.001547 102.913940 204.029648 185.503479 266.152557
gray000074 0.001205 349.424286 324.320251 364.727692 343.317627
gray000074 0.001073 348.369080 311.277771 366.350647 340.553467
gray000075 0.435917 301.503418 282.850403 357.894531 376.296021
gray000075 0.001587 176.316452 314.141418 184.517960 319.637451
gray000075 0.001543 199.061356 297.966797 210.391525 302.030212
gray000076 0.671397 162.237366 115.071205 315.611938 294.615112
gray000076 0.013441 215.107605 119.010536 285.914917 309.590942
gray000076 0.009976 192.867371 85.241341 273.479095 259.316071
gray000076 0.004528 132.718384 35.220078 350.448273 377.754578
gray000076 0.004113 290.581940 75.775467 371.836639 170.874069
gray000076 0.002240 208.362885 34.744743 386.660187 211.419495
gray000076 0.001604 326.895172 87.964966 358.778839 162.047424
gray000077 0.055293 316.286987 300.892517 374.710144 348.803528
gray000077 0.014815 185.042801 331.811127 211.636215 351.987152
gray000077 0.012047 188.769577 334.910187 205.571304 346.409149
gray000077 0.010818 195.742004 329.651886 210.492981 338.060150
gray000077 0.008580 190.498474 331.298553 204.200439 339.150726
gray000077 0.007427 183.483231 345.079010 196.219040 353.881256
gray000077 0.005814 142.244415 132.844421 221.573822 222.899200
gray000077 0.004846 330.782501 264.010040 400.310333 338.328400
gray000077 0.004746 185.442413 340.624023 207.510712 353.460022
gray000077 0.003876 173.470871 339.173218 207.585312 358.388977
gray000077 0.003104 140.715240 230.020325 169.384796 274.075409
gray000077 0.002860 314.824829 302.124908 352.278687 333.628143
gray000077 0.002811 128.891205 244.218140 177.909943 290.289062
gray000077 0.001840 299.151550 242.584335 397.449402 311.644684
gray000077 0.001820 223.790665 177.160202 234.461594 185.599258
gray000077 0.001630 321.464752 289.816376 345.344147 346.204559
gray000077 0.001298 295.800964 282.311279 390.606018 348.675903
gray000077 0.001148 314.112000 211.309113 379.288574 284.856384
gray000078 0.259961 325.634094 223.103333 390.369934 315.110840
gray000078 0.073760 340.230316 236.534637 376.855621 300.382904
gray000079 0.332393 105.410706 81.950027 377.082397 339.995483
gray000079 0.015333 213.193115 111.806366 381.534424 251.283875
gray000079 0.013466 114.763275 116.589584 306.418396 256.750000
gray000079 0.008756 139.005692 140.148224 227.086075 264.515961
gray000079 0.001499 249.785873 202.478760 354.138214 342.110535
gray000079 0.001345 141.302826 177.565674 272.498199 293.232086
gray000079 0.001328 218.076492 179.101471 322.207764 303.915466
gray000080 0.567251 332.250427 260.605377 396.618774 330.701080
gray000080 0.028146 176.605850 146.627838 185.809433 155.035797
gray000080 0.004351 353.770752 247.437714 388.434021 324.895050
gray000080 0.002595 231.475281 54.574692 376.706421 246.417252
gray000080 0.002078 348.953827 268.664124 381.014679 342.468933
gray000080 0.001493 176.179626 149.702850 183.991150 161.438568
gray000080 0.001218 307.621399 216.514191 392.173889 346.858307
gray000081 0.631648 137.743515 264.243805 195.527786 319.023529
gray000081 0.026358 141.054230 273.005493 187.292023 300.722534
gray000081 0.017090 349.703949 232.798035 407.391083 330.605042
gray000081 0.014012 129.678223 248.893341 206.778290 346.653412
gray000081 0.003872 367.954041 248.010010 394.430115 314.903870
gray000081 0.001698 154.299118 266.155212 176.027390 306.926270
gray000081 0.001384 133.965958 392.839203 147.667831 401.554474
gray000081 0.001334 354.401520 253.106476 418.915802 305.929840
gray000082 0.048624 359.545502 295.920288 389.111298 322.998352
gray000082 0.039799 312.025238 282.796722 337.093842 304.895172
gray000082 0.001783 313.547882 283.258942 323.633881 292.193268
gray000082 0.001647 317.022064 283.399017 329.562164 292.558685
gray000082 0.001315 100.279022 142.082123 190.858246 216.527283
gray000082 0.001282 314.133881 287.326782 324.923553 297.803589
gray000083 0.122970 127.414268 330.194000 156.416779 383.682220
gray000083 0.017070 123.056595 342.391693 161.177353 370.383636
gray000083 0.006614 117.868080 312.202881 181.609360 383.698608
gray000083 0.004322 305.924591 311.089233 362.012177 375.547241
gray000083 0.003718 137.439697 343.682617 173.521759 368.733643
gray000083 0.003214 156.167160 340.299011 169.881454 372.327026
gray000083 0.001927 133.313965 330.318024 149.947693 371.227692
gray000083 0.001500 368.628937 344.618530 417.142242 397.956238
gray000084 0.518711 138.064301 221.121536 156.544373 251.493790
gray000084 0.010716 135.771759 227.761490 151.052429 246.958817
gray000084 0.008050 57.971497 225.251099 65.025101 232.908112
gray000084 0.004207 126.790627 214.762527 155.428345 257.380768
gray000084 0.003535 133.676682 265.261414 168.093521 288.133545
gray000084 0.001441 148.215240 217.509262 161.083649 253.324448
gray000084 0.001376 328.867249 197.661316 402.726746 289.543457
gray000084 0.001371 243.821289 169.507858 258.096893 177.154678
gray000084 0.001245 238.937958 168.390137 254.358215 175.517212
gray000084 0.001128 135.131699 219.380051 166.132828 274.355804
gray000084 0.001004 51.990746 218.939240 68.644547 241.037659
gray000085 0.316670 152.594315 242.025635 214.976730 363.622192
gray000085 0.268456 142.994080 267.937775 204.953735 333.161713
gray000085 0.004954 340.532593 313.112610 371.953491 333.948914
gray000085 0.003419 334.758972 344.307983 344.745361 352.832764
gray000085 0.003281 334.020599 291.040070 384.459808 334.002716
gray000085 0.002690 165.050827 286.695801 194.614578 316.081726
gray000085 0.002270 191.796326 334.856750 200.639343 344.546265
gray000085 0.001825 192.220032 329.737640 202.350830 338.684845
gray000085 0.001622 327.803009 263.709106 396.918915 341.487000
gray000085 0.001554 315.228516 316.108643 351.831360 335.813965
gray000085 0.001231 343.964966 294.694153 353.411682 307.552734
gray000086 0.719460 143.050598 237.251236 193.906769 287.546448
gray000086 0.001882 138.864517 246.288818 180.260666 265.207764
gray000086 0.001288 111.670258 210.586319 192.349091 294.247040
gray000086 0.001232 161.707916 240.263947 181.622284 282.803802
gray000087 0.646249 251.157990 135.661545 360.231537 232.055649
gray000087 0.040486 143.285828 132.020523 277.891968 226.596176
gray000087 0.010128 177.234009 151.851547 307.290039 255.567520
gray000087 0.006219 188.992645 92.245201 341.218048 280.512024
gray000087 0.003923 49.918015 41.448120 436.714294 378.406738
gray000087 0.002398 230.530365 184.118347 326.033478 285.925476
gray000087 0.002139 122.822708 121.895866 308.159668 297.435883
gray000087 0.001828 202.227600 174.461975 288.039490 293.056885
gray000087 0.001548 194.498856 247.568314 199.814285 258.656586
gray000087 0.001529 145.931671 113.839233 225.809296 192.979919
gray000088 0.626119 326.966064 191.339401 407.224854 288.828094
gray000088 0.103200 316.683777 208.672974 384.379150 267.964294
gray000088 0.005675 293.127930 174.569717 438.978088 308.482544
gray000088 0.004864 126.875175 103.360245 301.953064 186.466782
gray000088 0.004337 330.964142 217.085403 368.502960 260.767578
gray000088 0.002560 312.799011 95.874535 320.506348 103.838997
gray000088 0.001673 55.920761 200.075989 64.361481 211.882629
gray000089 0.555693 111.664932 251.534271 168.585617 312.396210
gray000089 0.008212 128.190796 252.390442 224.062988 341.900391
gray000089 0.003748 85.181763 232.413879 194.374298 311.025391
gray000089 0.003427 141.973099 402.242920 171.390488 421.734558
gray000089 0.002839 138.957733 394.543976 176.335205 415.991119
gray000089 0.001806 163.815903 246.131256 257.661163 361.803009
gray000089 0.001294 77.993088 257.472504 167.827988 342.949982
gray000089 0.001089 334.447205 282.274719 345.093994 288.425964
gray000090 0.075513 213.955154 227.572754 282.041260 329.427063
gray000090 0.035550 172.694733 181.728729 307.929901 367.525543
gray000090 0.013727 174.176422 217.440826 260.200165 318.762543
gray000090 0.007756 217.151871 203.197800 322.419983 298.674103
gray000090 0.004118 227.460739 247.363159 267.368408 311.248596
gray000090 0.002220 289.716003 256.053955 299.161133 266.866211
gray000090 0.001623 261.142975 171.664993 349.745514 258.747986
gray000090 0.001610 218.143997 235.221115 253.525497 300.767029
gray000090 0.001498 285.170105 248.127502 302.437439 272.761536
gray000090 0.001166 233.055954 223.905701 291.501038 277.955719
gray000091 0.078529 160.843643 158.475967 308.725891 270.433594
gray000091 0.025034 193.427429 181.835968 286.948029 291.910217
gray000091 0.009970 188.941223 240.537811 244.108643 292.311371
gray000091 0.008755 190.869492 247.648682 219.796097 282.663696
gray000091 0.005682 63.735069 193.592743 76.214943 201.139832
gray000091 0.003245 185.666000 221.495697 214.858170 286.436676
gray000091 0.001160 181.891602 148.974304 210.757446 182.000000
gray000091 0.001063 207.203644 259.422760 260.865051 303.051178
gray000092 0.081468 112.536713 289.943512 155.046478 331.554657
gray000092 0.029648 110.061111 294.311737 142.551086 321.530853
gray000092 0.008977 123.863754 291.059082 139.202896 326.067444
gray000092 0.003516 116.372581 279.192657 135.187958 326.514496
gray000092 0.002207 154.668427 269.990356 174.885742 295.996704
gray000092 0.001022 103.554932 261.968323 191.848633 332.470154
gray000093 0.149569 295.303955 217.255798 324.540649 275.053711
gray000093 0.076082 284.771912 211.781433 318.514709 261.865570
gray000093 0.073309 259.949646 192.506943 349.424988 296.707642
gray000093 0.023139 274.582001 205.428848 321.628204 286.702972
gray000093 0.009417 229.213242 218.055603 262.677979 277.395966
gray000093 0.007524 216.746185 79.435989 375.427399 339.621521
gray000093 0.006636 221.143600 206.954697 248.299301 267.073944
gray000093 0.006062 298.925232 220.313705 318.816589 254.347733
gray000093 0.005875 222.961746 180.875610 326.920532 313.171265
gray000093 0.004504 213.474060 191.181442 282.742065 302.118835
gray000093 0.003393 272.159058 223.666656 300.033447 274.185394
gray000093 0.003192 169.319839 144.801910 324.799805 338.771332
gray000093 0.001603 307.936798 223.933990 322.296356 252.618103
gray000093 0.001554 288.788147 194.602249 336.304443 251.966751
gray000093 0.001423 272.626587 250.063065 279.112366 255.797226
gray000094 0.032986 162.061310 275.507629 178.941925 295.583801
gray000094 0.026821 323.229218 266.034729 365.585907 317.883179
gray000094 0.004217 326.464233 281.949188 356.705261 303.716400
gray000094 0.003796 160.151382 240.958923 399.987793 420.538574
gray000094 0.001602 158.617722 272.565216 171.449844 286.428986
gray000095 0.457947 136.848099 248.873474 181.277023 293.169800
gray000095 0.031380 149.237274 249.852203 169.377045 290.370819
gray000096 0.284089 370.547241 248.604248 416.172241 292.907410
gray000096 0.005334 382.679413 255.951477 406.211334 284.731567
gray000096 0.002107 194.598267 48.054649 337.991699 243.423889
gray000096 0.001726 160.693192 75.015259 438.562561 219.547913
gray000096 0.001599 331.762390 244.562485 408.492310 304.216431
gray000097 0.803425 390.072815 320.317017 421.522217 347.774048
gray000097 0.027097 399.120331 325.087646 420.077789 343.432068
gray000098 0.255290 196.133591 255.940659 243.939346 311.030792
gray000098 0.061781 188.077927 233.278732 251.969345 332.467041
gray000098 0.009144 288.332642 229.926956 333.270142 266.454834
gray000098 0.007345 226.901535 219.215668 324.113281 332.214691
gray000098 0.005834 262.893372 181.375992 343.074646 247.039444
gray000098 0.003449 253.310516 188.854462 348.313202 293.654114
gray000098 0.002154 277.904602 274.183655 314.950806 322.243225
gray000098 0.002097 189.444214 262.609406 223.147644 304.265656
gray000099 0.076170 69.352814 244.172867 136.556183 284.957733
gray000099 0.026800 87.932022 191.013306 151.873734 241.175995
gray000099 0.011347 66.389648 194.079620 161.337509 288.463013
gray000099 0.003685 77.843094 241.731506 109.705460 282.578796
gray000099 0.002368 59.238125 231.320633 124.365112 270.984558
gray000099 0.001443 191.705368 193.839218 199.047348 198.444992
gray000099 0.001391 90.807259 196.694260 123.583672 239.578690
gray000099 0.001218 104.684097 193.387344 135.189514 245.253616
