gray000000 0.282092 190.788330 263.516724 287.842743 355.065063
gray000000 0.124869 364.855377 270.591278 425.064911 323.946869
gray000000 0.051028 204.944122 284.998688 263.125366 342.833954
gray000000 0.016596 175.795563 178.254868 310.403961 370.579529
gray000000 0.013149 215.762009 284.275604 279.839355 373.841095
gray000000 0.008406 375.674561 286.217102 411.621338 332.580811
gray000000 0.007971 187.129196 273.708801 252.559402 326.518616
gray000000 0.005341 382.937286 263.632080 429.439484 307.594299
gray000000 0.004529 212.568771 277.064636 279.416656 323.891785
gray000000 0.003733 248.101578 298.874512 280.812592 360.835632
gray000000 0.002688 207.402191 279.512695 234.958618 344.466064
gray000000 0.001324 197.631165 175.816345 276.440674 300.916107
gray000000 0.001195 360.392365 251.196014 453.660248 342.559052
gray000001 0.247066 377.664246 260.681549 417.161743 288.510284
gray000001 0.067968 381.440033 248.561859 411.989716 303.752289
gray000001 0.015733 388.404572 255.499969 406.973297 286.508331
gray000001 0.007983 395.918030 261.522827 410.539795 289.014465
gray000001 0.004749 341.132172 297.826660 386.123444 336.773193
gray000001 0.004276 346.951324 305.099365 406.882721 345.932068
gray000001 0.002700 382.806366 259.356934 399.589203 291.480347
gray000001 0.002501 141.591049 295.080597 192.152176 338.587311
gray000001 0.002376 356.358612 250.481308 435.289886 311.329956
gray000001 0.001683 359.200348 312.824829 389.097443 333.734070
gray000001 0.001509 399.637817 297.568298 424.961243 318.093628
gray000002 0.835079 127.173065 335.616364 189.890594 382.636749
gray000002 0.059394 204.045105 295.440857 259.686127 338.972412
gray000002 0.052020 137.185013 348.338013 175.605392 379.551697
gray000002 0.006216 142.390320 342.554749 159.289978 385.657349
gray000002 0.004820 66.584610 164.365311 149.918488 256.689514
gray000002 0.003037 147.853729 351.979065 193.784088 375.031555
gray000002 0.002180 191.718933 272.014191 274.782166 359.459625
gray000002 0.001362 156.948929 342.945709 171.270676 385.611053
gray000002 0.001040 131.470505 313.275604 212.991135 370.024689
gray000003 0.321834 269.827423 279.794617 303.776337 308.753540
gray000003 0.164118 263.485321 268.837189 305.327606 326.168488
gray000003 0.021528 282.693665 283.860992 300.221497 313.210541
gray000003 0.015214 105.414406 245.750900 161.631317 280.612122
gray000003 0.002144 248.939911 269.463593 289.268280 328.169403
gray000003 0.001924 347.334869 292.110870 403.626312 327.462738
gray000003 0.001780 270.330139 283.537811 289.729919 315.746735
gray000003 0.001780 279.783691 282.015137 303.804810 331.612915
gray000003 0.001077 275.334808 285.131958 296.300262 302.689697
gray000004 0.111691 130.193939 310.270203 166.378296 336.928589
gray000004 0.050236 103.100830 279.641205 173.976013 348.128693
gray000004 0.042205 105.990814 294.546478 158.910004 324.959015
gray000004 0.013452 141.354309 312.720703 154.166534 322.288513
gray000004 0.013184 140.097717 303.410858 157.082062 331.555878
gray000004 0.011888 120.884102 294.481476 209.554901 335.538910
gray000004 0.007391 136.231857 312.382019 146.606644 320.430786
gray000004 0.007317 106.892365 302.563904 113.854599 313.698853
gray000004 0.007116 127.806953 304.012909 137.844055 313.905853
gray000004 0.006950 135.909714 318.359985 148.673996 327.793823
gray000004 0.004960 87.317734 232.075928 209.993057 317.744385
gray000004 0.004946 105.000748 296.422241 113.529343 309.062866
gray000004 0.004934 101.822350 289.715759 117.830620 313.496094
gray000004 0.004794 154.587845 271.100525 210.430405 321.531677
gray000004 0.004489 128.808395 289.284119 210.704849 377.345154
gray000004 0.004376 135.487686 306.001770 175.136887 327.441956
gray000004 0.004279 114.464531 300.770416 139.130173 329.249664
gray000004 0.004121 136.928223 310.792664 149.070404 336.987549
gray000004 0.003828 122.008423 304.795593 130.432098 313.174194
gray000004 0.003251 131.449524 256.046722 204.205963 307.396210
gray000004 0.003065 140.577469 318.696960 154.460434 328.337952
gray000004 0.003001 124.472389 296.004700 141.785339 325.171326
gray000004 0.002822 129.179214 295.934998 168.712753 324.221802
gray000004 0.002659 119.433517 244.074890 191.233017 283.735229
gray000004 0.002364 149.659607 311.020050 160.839050 321.552216
gray000004 0.002338 138.185379 329.199615 191.410995 349.534393
gray000004 0.002336 116.753975 347.960388 163.360352 363.130066
gray000004 0.002265 169.397125 163.368713 226.416290 211.648163
gray000004 0.002214 144.343658 361.197052 153.249634 366.622101
gray000004 0.002071 146.391098 224.697876 219.226456 366.455627
gray000004 0.002016 112.598099 303.716492 121.015167 312.744934
gray000004 0.002008 120.706726 309.851166 130.554855 320.514191
gray000004 0.001907 113.692055 291.747742 153.681442 313.334412
gray000004 0.001749 166.003632 308.687195 222.965698 346.843628
gray000004 0.001705 145.952499 301.832886 164.322006 332.587463
gray000004 0.001673 128.487320 311.657257 136.591873 320.247406
gray000004 0.001565 145.370789 322.931702 182.174500 342.963989
gray000004 0.001514 167.476532 335.561340 224.524445 376.210999
gray000004 0.001449 184.405518 347.441864 224.193420 366.580475
gray000004 0.001384 119.098228 297.072388 134.372192 322.440735
gray000004 0.001253 183.402725 170.468002 214.395645 205.716873
gray000004 0.001164 99.413284 284.676605 134.046066 317.280243
gray000004 0.001058 129.961136 349.729858 167.333267 376.710876
gray000005 0.155905 198.888657 288.703003 209.658340 298.055969
gray000005 0.032293 258.784149 239.700531 338.633514 289.360565
gray000005 0.017535 136.140106 243.622940 226.861145 315.463715
gray000005 0.010630 153.583466 270.637482 183.537231 320.123505
gray000005 0.010231 215.993912 226.697784 244.524704 275.714996
gray000005 0.009476 195.191803 281.820129 214.950287 305.802551
gray000005 0.008255 187.458252 232.534348 248.691101 273.334686
gray000005 0.007598 193.929337 289.113556 204.371994 296.699188
gray000005 0.004819 281.129425 239.964020 315.886261 292.533478
gray000005 0.004050 148.465271 290.786346 196.252106 330.749176
gray000005 0.004006 304.143127 262.351593 351.842957 298.560272
gray000005 0.003869 200.356613 293.514282 207.404739 304.110962
gray000005 0.003472 214.357010 233.282806 337.862213 306.922943
gray000005 0.003147 202.119690 241.448212 233.096649 287.060272
gray000005 0.002530 217.229721 279.595917 259.009491 304.174286
gray000005 0.001838 200.490448 217.229385 262.307037 256.853973
gray000005 0.001830 146.424347 265.142151 184.069641 289.382996
gray000005 0.001624 304.755920 278.039215 359.775879 315.651398
gray000005 0.001480 293.450653 245.486053 358.175140 287.458527
gray000005 0.001178 157.471130 245.521515 242.105347 291.798004
gray000006 0.316238 324.453583 277.365875 338.783600 290.997162
gray000006 0.183544 318.083374 271.326691 345.142639 296.869720
gray000006 0.130342 208.132202 278.112793 217.936249 292.031250
gray000006 0.063349 320.069275 278.466919 334.127136 289.177917
gray000006 0.024027 206.641129 271.270691 218.623001 299.801758
gray000006 0.019001 196.781052 274.379272 228.476425 296.230225
gray000006 0.011245 319.074432 272.009521 333.723724 285.509888
gray000006 0.003644 203.729706 279.100586 210.631989 289.200745
gray000006 0.002067 210.282043 287.237305 216.458496 294.504700
gray000007 0.743215 152.701996 263.260406 216.086029 322.079010
gray000007 0.031035 169.794159 278.120605 208.137573 306.834351
gray000007 0.004822 159.478271 252.756165 245.508820 352.413513
gray000007 0.004060 158.802979 260.700134 190.642914 312.961243
gray000007 0.002219 180.986633 273.760559 196.546478 311.417480
gray000007 0.001834 157.016968 264.774780 217.764679 291.196167
gray000007 0.001684 129.175323 237.265945 224.317780 328.797180
gray000007 0.001234 262.347870 164.142609 418.874847 249.643738
gray000008 0.418009 327.749207 259.203918 359.738342 306.601562
gray000008 0.031588 310.444489 243.202515 378.073395 320.336365
gray000008 0.010932 329.520569 265.411072 365.421448 289.748352
gray000008 0.008346 74.291222 194.406921 206.838837 295.101562
gray000008 0.005122 184.384186 190.653214 195.683746 203.154556
gray000008 0.003147 331.160980 274.870697 352.127960 308.517609
gray000008 0.001991 319.326630 250.945999 349.163055 316.659973
gray000008 0.001521 236.929794 1.000000 293.505524 46.748779
gray000008 0.001438 339.885437 254.439621 355.913940 300.023682
gray000008 0.001415 198.492554 1.000000 271.325714 43.471260
gray000008 0.001131 179.274796 182.356766 199.502243 209.124741
gray000009 0.426158 381.180969 259.120972 411.579163 281.435303
gray000009 0.148738 336.633301 295.734589 391.983459 339.119110
gray000009 0.051645 352.273346 295.508942 430.533234 335.312836
gray000009 0.049252 368.835968 258.360168 416.962799 296.285034
gray000009 0.035829 369.861969 305.301331 408.363678 330.620850
gray000009 0.020692 152.423111 305.612976 192.104172 330.492371
gray000009 0.011961 387.255157 257.345764 405.306244 291.744080
gray000009 0.010463 139.284897 301.395966 201.744766 346.463531
gray000009 0.010396 106.155655 211.792816 140.022919 279.135559
gray000009 0.007420 339.139404 302.246338 376.131653 329.048645
gray000009 0.003767 165.478683 300.677673 181.023666 334.203003
gray000009 0.003654 159.491913 310.927826 202.211121 336.501617
gray000009 0.003150 396.474304 257.816010 410.012329 291.349152
gray000009 0.002454 351.363647 310.157227 396.785095 335.995972
gray000009 0.002356 395.164124 295.862518 429.541931 319.527435
gray000009 0.002064 383.253754 259.676147 398.679230 279.168457
gray000009 0.001765 336.849609 265.947968 447.699158 347.414154
gray000009 0.001757 378.904755 299.987427 398.895782 335.468140
gray000009 0.001225 380.357178 279.370392 431.045898 319.581268
gray000009 0.001024 157.988342 297.227417 173.025848 337.039490
gray000009 0.001004 349.636993 299.550934 367.268097 331.848785
gray000010 0.018043 184.996155 369.709503 192.897858 375.974823
gray000010 0.014662 295.855133 253.457428 376.018524 360.871490
gray000010 0.014123 172.666855 354.799835 204.115677 374.616364
gray000010 0.011097 182.219803 361.372253 193.790176 368.945496
gray000010 0.010564 184.825699 376.864563 194.189011 383.422363
gray000010 0.010365 174.559631 360.546844 201.469757 383.671051
gray000010 0.007081 213.062042 127.720177 391.160675 278.927368
gray000010 0.004862 314.443512 289.626648 349.557098 337.128601
gray000010 0.003546 192.451508 377.872223 199.625305 382.623810
gray000010 0.003537 318.979797 137.400391 431.615479 351.552002
gray000010 0.002859 144.623047 337.412964 219.303101 409.444641
gray000010 0.002463 313.731934 226.616241 424.827576 318.419098
gray000010 0.002320 447.590607 302.802246 503.916840 354.002808
gray000010 0.002291 328.106873 303.800842 356.037903 348.884094
gray000010 0.002239 215.646606 138.105820 329.539490 221.913010
gray000010 0.002136 172.519730 350.468872 204.332748 365.130066
gray000010 0.002111 176.041824 360.252563 187.627457 368.982056
gray000010 0.002062 429.836151 292.735260 512.000000 340.683563
gray000010 0.001941 163.131119 273.877045 231.669327 321.566681
gray000010 0.001933 196.991684 357.836151 269.404327 392.061554
gray000010 0.001867 267.990082 75.234772 397.107269 337.772156
gray000010 0.001756 173.649277 246.816132 220.837601 284.189911
gray000010 0.001728 346.393005 209.046387 433.876892 277.716949
gray000010 0.001551 325.885040 302.094543 407.634125 375.594910
gray000010 0.001454 307.161133 281.742126 421.561646 332.074585
gray000010 0.001433 172.018295 257.929474 239.501572 346.861237
gray000010 0.001414 271.616211 237.228333 343.781738 312.817871
gray000010 0.001405 193.956589 371.744965 200.200211 375.710541
gray000010 0.001390 173.040192 350.162598 190.919922 379.776245
gray000010 0.001278 336.344879 308.215851 346.746307 324.227264
gray000010 0.001215 343.994080 306.108917 350.506165 327.876801
gray000010 0.001015 147.166489 314.534607 259.911133 377.091919
gray000011 0.376669 128.382355 229.956818 165.627869 258.178802
gray000011 0.040437 142.374954 263.586670 172.346024 292.664001
gray000011 0.035055 138.103546 226.335968 156.758240 262.131775
gray000011 0.026006 137.758408 241.359665 167.005997 286.775543
gray000011 0.006841 127.762169 216.704620 160.287903 282.746185
gray000011 0.003855 337.894653 240.418808 388.293701 289.800140
gray000011 0.003741 131.617477 256.428772 181.325119 297.393372
gray000011 0.002455 112.198792 217.727585 171.176788 260.258087
gray000011 0.002146 350.649689 250.065369 378.051788 274.537720
gray000011 0.002073 150.364120 269.575958 166.009567 296.283295
gray000011 0.001823 135.194962 236.256256 150.295944 252.826019
gray000011 0.001601 182.649155 235.132828 219.076706 265.605896
gray000011 0.001290 156.643005 259.138184 171.381989 295.669434
gray000011 0.001168 119.275192 227.322922 183.589096 278.400452
gray000011 0.001035 143.546631 249.721024 180.286102 283.458954
gray000012 0.332847 79.708435 263.125000 193.703735 330.685303
gray000012 0.047276 60.202873 226.453094 215.617615 368.249786
gray000012 0.008330 101.709717 235.789352 174.497406 360.119171
gray000013 0.883131 131.431824 332.543457 201.391266 387.954163
gray000013 0.044871 109.199020 315.598297 228.382248 400.620636
gray000013 0.026603 149.524155 349.774323 193.225754 378.043549
gray000013 0.012809 143.166901 341.110901 177.038788 385.174866
gray000013 0.005634 294.570984 147.572739 377.576965 259.343475
gray000013 0.005589 72.697998 172.218262 140.473343 255.126556
gray000013 0.003529 327.621735 232.726761 337.380463 240.710190
gray000013 0.002380 349.833374 234.474380 506.983154 308.831543
gray000013 0.002368 319.804810 232.488998 333.381592 240.433182
gray000013 0.001650 48.066040 187.362015 164.096512 287.497131
gray000013 0.001308 164.406494 342.350677 179.314178 385.629730
gray000014 0.253674 185.182739 225.062286 213.466370 253.136322
gray000014 0.035619 192.042725 230.844772 205.599091 246.495438
gray000014 0.013264 176.617859 227.559586 227.132294 265.745483
gray000014 0.008097 195.029053 233.434387 209.894196 251.195953
gray000015 0.459644 324.568237 286.616211 375.189758 333.685120
gray000015 0.312171 333.250153 295.471954 367.886200 326.224945
gray000015 0.006627 114.782616 270.660370 154.768402 326.671051
gray000015 0.004830 147.781830 289.846161 222.094025 335.330353
gray000015 0.004689 113.288971 284.725769 141.376541 313.319519
gray000015 0.002168 308.534698 342.892090 347.458099 375.712219
gray000015 0.001495 85.355362 240.477646 188.341354 289.180542
gray000015 0.001070 117.579277 217.498001 168.765259 265.056763
gray000016 0.506837 97.882629 249.908661 177.477264 334.235565
gray000016 0.026271 60.716911 241.120361 220.429047 352.509399
gray000016 0.004789 369.618256 330.202148 410.913605 350.283264
gray000016 0.002406 372.224030 309.564087 418.578339 357.168945
gray000016 0.001173 374.887390 333.765076 387.222473 346.782837
gray000017 0.357330 229.462616 285.919250 277.586700 373.413879
gray000017 0.135863 222.435593 283.120758 252.987411 350.324249
gray000017 0.050947 238.951843 326.813446 271.973145 355.817596
gray000017 0.039798 221.325012 253.593765 311.183594 347.467712
gray000017 0.031056 209.703094 270.084930 267.663696 361.742279
gray000017 0.013284 252.687698 217.002472 283.107544 279.471527
gray000017 0.008912 250.660355 330.952911 268.582794 362.803192
gray000017 0.008133 258.879333 289.190460 293.975342 345.162811
gray000017 0.007786 239.070999 208.083603 297.889435 293.561127
gray000017 0.005785 207.749771 272.525330 235.807816 357.610840
gray000017 0.004477 253.312851 263.375275 299.111542 367.206940
gray000017 0.003861 181.098145 263.130157 241.249084 359.536407
gray000017 0.001617 265.410614 303.745422 303.514740 330.815247
gray000017 0.001556 250.214722 330.972168 259.678436 353.223267
gray000017 0.001417 279.164886 283.135773 303.243500 345.833466
gray000017 0.001061 237.712067 222.705658 354.546783 333.322296
gray000018 0.218548 107.665161 293.565582 143.269897 323.424164
gray000018 0.099765 150.463867 266.229736 180.175354 291.161316
gray000018 0.056235 156.340317 271.391693 174.630722 295.090790
gray000018 0.043845 117.145500 288.314911 133.735352 328.943390
gray000018 0.024408 328.427887 310.350677 360.301605 348.323700
gray000018 0.015345 101.259506 282.499390 150.402969 341.119507
gray000018 0.010003 167.642899 276.112640 196.624619 324.186249
gray000018 0.007219 164.689590 267.892883 180.011948 298.430725
gray000018 0.005990 341.708557 304.556061 356.766724 346.043060
gray000018 0.005962 144.429169 269.572937 194.304291 325.262207
gray000018 0.005927 110.652283 290.496857 127.649887 327.181854
gray000018 0.005028 123.366638 290.473145 139.526978 326.445801
gray000018 0.003407 349.918243 315.320648 363.055145 348.631439
gray000018 0.002787 317.007507 310.757599 344.217834 345.689850
gray000018 0.002366 300.733124 310.038727 333.901154 338.110626
gray000018 0.002324 150.805206 269.227753 165.288605 285.444916
gray000018 0.002302 121.431824 309.673462 147.888275 340.730774
gray000018 0.002149 129.909821 288.304626 165.029510 339.502869
gray000018 0.002010 112.469933 301.666779 155.932220 348.276703
gray000018 0.001996 342.031403 312.440491 368.807343 338.774536
gray000018 0.001904 117.801140 301.705200 133.247391 317.703796
gray000018 0.001625 350.884857 325.436798 364.067596 340.456329
gray000018 0.001417 342.097290 325.864899 358.546936 339.142792
gray000018 0.001366 308.447540 318.024689 325.918488 332.045135
gray000018 0.001281 155.387863 259.625793 174.799942 283.570312
gray000018 0.001033 182.705231 268.229675 195.218567 314.443237
gray000019 0.229955 247.162537 135.389923 412.871277 273.767456
gray000019 0.063160 69.949532 165.323975 215.941925 321.533203
gray000019 0.018303 86.530022 291.812439 124.935570 327.754089
gray000019 0.011650 89.977776 278.127289 116.853661 315.350677
gray000019 0.006114 72.592178 275.306824 110.526520 315.206177
gray000019 0.003081 341.287476 333.831665 409.723511 381.278381
gray000019 0.002868 86.915581 290.618103 112.688835 310.397461
gray000019 0.002627 90.702278 206.861526 180.376221 319.747650
gray000019 0.002440 104.069672 276.588409 133.867020 318.954926
gray000019 0.002380 214.014923 1.000000 454.278534 441.248901
gray000019 0.002152 94.314697 293.140778 107.759033 307.629364
gray000019 0.002133 102.525269 133.883194 182.785919 299.626404
gray000019 0.002019 97.264465 291.241425 141.022507 333.628571
gray000019 0.001869 365.991791 360.156708 380.093353 370.227264
gray000019 0.001335 359.687592 357.433472 386.231354 374.282654
gray000019 0.001211 119.450188 287.774902 130.541122 297.037720
gray000019 0.001130 371.342926 234.860077 408.011383 254.891815
gray000019 0.001110 95.303528 287.319885 106.219421 299.021973
gray000019 0.001048 119.042519 280.915710 131.049149 288.793884
gray000020 0.577813 119.693222 266.821808 181.691147 323.111359
gray000020 0.030134 126.055786 280.394897 168.825867 307.148193
gray000020 0.013071 101.248520 238.774857 190.050644 354.695923
gray000020 0.003403 139.567932 274.252228 157.086060 312.733612
gray000020 0.001582 133.482040 279.276917 150.872574 320.426697
gray000020 0.001028 120.184776 226.189331 165.875870 341.959900
gray000021 0.569641 340.672852 310.686829 373.355591 354.030579
gray000021 0.011807 329.872803 298.051605 374.859436 369.578339
gray000021 0.009931 354.276611 306.211426 370.558044 345.722168
gray000021 0.001117 139.788162 304.657196 192.460068 361.742828
gray000021 0.001075 345.456970 313.170013 359.533142 350.621002
gray000022 0.269874 301.609375 294.598175 346.408203 317.966583
gray000022 0.058514 297.031769 278.202271 351.905548 328.251648
gray000022 0.019943 148.715988 279.379028 163.144608 307.987854
gray000022 0.015515 130.873810 283.166138 170.662567 336.380005
gray000022 0.013195 147.974503 286.486572 162.289993 299.742432
gray000022 0.010620 314.663086 292.266022 334.822327 321.076874
gray000022 0.009309 143.741898 285.211853 157.079849 301.638855
gray000022 0.004210 383.983398 262.450378 434.890198 333.951355
gray000022 0.003431 139.648254 283.231384 165.336517 319.859558
gray000022 0.002061 125.906837 290.818878 155.167145 328.084747
gray000022 0.001624 405.796936 274.796600 437.633606 320.253754
gray000023 0.559174 309.877747 271.601624 337.991638 296.020020
gray000023 0.015276 312.236053 275.423279 326.329071 293.760498
gray000023 0.011902 315.768799 270.974060 331.927917 288.416016
gray000023 0.008922 307.551422 265.322327 350.263458 305.375183
gray000023 0.004197 126.910889 265.802338 174.323486 305.170929
gray000023 0.002585 110.882484 277.247009 173.171112 314.713806
gray000023 0.001565 315.774597 284.563324 331.876648 297.155792
gray000023 0.001287 147.812668 271.554382 166.413345 296.386047
gray000023 0.001256 161.035934 267.558868 204.832260 320.958099
gray000023 0.001171 316.179626 276.757019 333.597046 303.593018
gray000023 0.001028 161.284607 280.132751 200.693787 301.544312
gray000023 0.001010 314.648010 275.169922 341.576965 314.554565
gray000024 0.418820 148.795944 288.795105 194.295181 335.850525
gray000024 0.312715 287.353638 282.161926 367.808105 335.635193
gray000024 0.043820 160.341690 294.014038 200.592148 322.793640
gray000024 0.026069 295.953308 276.317230 333.861145 347.180206
gray000024 0.007651 172.777603 292.403412 189.630844 324.110504
gray000024 0.007587 165.459961 291.595215 181.952026 326.217957
gray000024 0.005426 298.448761 294.482330 337.418915 321.485382
gray000024 0.003012 308.814728 266.720032 403.627716 356.471313
gray000024 0.002497 157.901398 289.788544 175.560638 329.627716
gray000024 0.001937 349.012299 321.912842 400.363068 368.796082
gray000024 0.001909 319.125305 295.686920 361.612244 320.762665
gray000024 0.001450 150.476410 273.785156 209.947784 353.955505
gray000025 0.019152 196.465805 131.215942 340.786560 238.867889
gray000025 0.002295 97.779404 368.188293 103.521530 375.057617
gray000025 0.001616 95.900116 180.406982 150.615707 287.096954
gray000025 0.001557 87.641441 360.536377 97.757790 371.226013
gray000025 0.001539 88.357666 367.046631 97.577957 377.017212
gray000025 0.001368 122.034378 319.934814 128.129883 332.463989
gray000025 0.001337 209.043060 177.896408 294.024750 222.957657
gray000025 0.001333 282.746796 159.434616 372.355560 245.570480
gray000025 0.001074 100.170364 233.373367 142.338608 268.033844
gray000025 0.001073 67.906532 150.343811 228.800323 392.035828
gray000025 0.001035 98.520912 208.798645 142.481720 258.699646
gray000025 0.001031 402.308563 195.647064 456.142975 282.007233
gray000026 0.429742 98.778152 271.997925 177.481064 323.075378
gray000026 0.037749 141.278854 303.475067 196.236282 353.851044
gray000026 0.024419 153.377457 321.019562 181.090500 343.727875
gray000026 0.013797 109.900047 287.359650 154.892731 314.574799
gray000026 0.013311 103.835739 295.364075 145.118500 320.343262
gray000026 0.008032 128.020264 259.514343 172.081818 314.297913
gray000026 0.006017 106.632507 281.951477 142.895233 334.525574
gray000026 0.003195 134.625595 273.490723 180.869064 297.941162
gray000026 0.002033 98.949844 251.084244 154.845291 347.134491
gray000026 0.001683 113.944214 279.378876 166.410400 307.170319
gray000026 0.001620 109.627602 260.032562 219.874115 349.950714
gray000026 0.001144 149.721329 286.045227 181.029770 344.577454
gray000026 0.001085 415.086517 305.862946 425.763519 313.431854
gray000027 0.095893 201.789597 198.500183 258.248840 327.695618
gray000027 0.071308 207.971924 218.776657 249.018036 281.211121
gray000027 0.028334 242.018127 158.344894 355.423462 253.300125
gray000027 0.021763 146.429138 161.231705 399.337219 315.250732
gray000027 0.016052 231.505600 188.129028 319.161102 293.399200
gray000027 0.013454 277.588104 252.955933 313.232513 307.886536
gray000027 0.010324 270.699188 251.638824 301.775604 284.241425
gray000027 0.008988 263.521820 193.513855 335.576996 241.842499
gray000027 0.008358 221.132278 121.715050 374.253845 290.794739
gray000027 0.007560 205.059601 243.972198 237.406464 274.691071
gray000027 0.005147 256.483856 235.909348 311.105255 325.787811
gray000027 0.004946 201.835541 234.427872 289.021301 358.279388
gray000027 0.003225 202.380157 288.847076 266.906219 330.534149
gray000027 0.002870 267.562256 246.567764 300.519226 313.164795
gray000027 0.001492 218.923828 285.898315 247.735413 334.640442
gray000027 0.001383 235.557358 220.758514 298.239441 337.970490
gray000027 0.001291 282.961334 178.377563 344.058258 229.144409
gray000027 0.001107 228.995972 287.253448 300.194275 336.667084
gray000027 0.001078 225.007584 221.658142 261.014069 279.206665
gray000028 0.397298 206.226486 292.027863 235.267471 369.923309
gray000028 0.241110 295.468262 299.275879 323.198120 362.911255
gray000028 0.141701 190.264084 270.580261 251.294479 361.922363
gray000028 0.096547 297.423157 253.031189 332.956726 310.240173
gray000028 0.074991 212.934525 311.577301 245.818832 368.083344
gray000028 0.065135 285.748413 236.692688 345.060364 330.386475
gray000028 0.048599 265.022736 292.931824 331.935089 367.223022
gray000028 0.045957 277.613342 309.608093 317.956665 373.087280
gray000028 0.019707 204.132294 324.659607 236.562500 357.277100
gray000028 0.009338 191.478165 299.134491 221.136124 360.308990
gray000028 0.007049 220.613434 305.629395 267.173584 360.983643
gray000028 0.006916 266.026093 301.225647 298.958160 362.380676
gray000028 0.006490 307.031982 240.536591 339.271423 296.447174
gray000028 0.005783 290.553772 249.101120 331.016479 377.509399
gray000028 0.003755 214.048676 280.851685 278.050690 382.418640
gray000028 0.003480 283.175629 279.608826 317.789276 355.527649
gray000028 0.001840 289.855957 311.836517 324.150818 339.269196
gray000028 0.001556 219.883118 120.503212 330.140320 288.072998
gray000028 0.001465 229.343689 264.596466 322.665466 355.237030
gray000028 0.001410 177.307983 227.270340 230.516144 320.617584
gray000028 0.001400 309.004303 320.012329 338.330536 369.909607
gray000028 0.001095 246.566269 303.135345 280.476135 360.751862
gray000028 0.001069 186.023468 290.041138 227.021362 393.602905
gray000028 0.001068 186.052490 268.850159 220.292633 334.535767
gray000028 0.001035 299.635284 314.698608 316.459259 349.765808
gray000029 0.554077 283.971436 261.792755 332.100525 299.786774
gray000029 0.018767 298.787628 255.791870 320.739044 298.437500
gray000029 0.006036 280.172058 244.149261 339.319336 317.377655
gray000029 0.002236 291.165131 276.090698 328.038849 303.566040
gray000029 0.002102 307.317963 266.062134 323.015778 299.479858
gray000029 0.001835 281.422424 262.940033 309.981140 289.435455
gray000029 0.001773 180.230255 211.470291 252.585754 251.111801
gray000029 0.001337 294.352966 259.941467 311.869812 293.328186
gray000030 0.405026 103.296494 216.935089 200.205978 319.394257
gray000030 0.010835 347.137512 224.374329 404.260986 270.906036
gray000030 0.009552 330.108826 206.231918 414.282959 285.582733
gray000030 0.007803 344.233093 227.938309 438.905029 312.927063
gray000030 0.005144 131.273834 251.799728 197.674713 304.752655
gray000030 0.002565 358.012787 212.452927 390.414948 287.451508
gray000030 0.002242 382.823273 255.448593 406.447174 308.573334
gray000030 0.001523 151.534760 270.329559 193.902985 299.593719
gray000030 0.001453 140.672455 239.310104 172.708862 318.256287
gray000031 0.531157 159.837921 327.068542 198.659180 354.287170
gray000031 0.139245 148.666412 317.608673 202.448090 366.706024
gray000031 0.037810 166.840591 323.572876 183.630661 359.921875
gray000031 0.001164 170.038223 313.880219 191.505295 358.785614
gray000032 0.431558 145.829407 229.318329 192.976898 279.318970
gray000032 0.026170 154.562302 232.791656 190.481857 261.710632
gray000032 0.014285 149.541809 245.830261 184.967865 270.376160
gray000032 0.013654 137.356796 222.956680 201.358109 310.423401
gray000032 0.007975 162.846313 232.601395 180.159546 272.730499
gray000032 0.004439 210.331772 236.246414 244.733780 254.958725
gray000032 0.003836 174.417511 295.955872 204.080170 322.104858
gray000032 0.002648 118.443802 276.658142 180.639389 316.052429
gray000032 0.002539 163.978943 291.670319 209.295990 332.298615
gray000032 0.001156 213.050659 232.175293 231.269623 258.404663
gray000032 0.001119 218.513855 228.880325 239.151947 261.726837
gray000032 0.001069 202.435303 222.322388 230.708679 272.772430
gray000033 0.084256 327.151611 178.913193 384.910645 230.200851
gray000033 0.040423 253.422501 117.501556 351.479431 235.331543
gray000033 0.028881 207.154083 208.186844 216.285309 218.432785
gray000033 0.014467 327.328979 208.844971 357.721985 230.334473
gray000033 0.005462 200.583389 205.405579 212.205276 219.166290
gray000033 0.004814 206.029953 201.277557 218.756119 224.030945
gray000033 0.004490 202.155167 319.294647 208.892044 327.692230
gray000033 0.004413 203.168182 313.313477 207.964447 322.870056
gray000033 0.003725 203.138489 70.489624 342.914368 290.381805
gray000033 0.003048 281.142700 145.965500 381.268372 262.148041
gray000033 0.001744 332.275604 212.071106 350.465057 227.870514
gray000033 0.001489 251.673416 176.343491 316.253021 221.672440
gray000033 0.001080 263.546021 183.743759 273.245056 195.507980
gray000033 0.001014 368.886475 214.096710 444.054993 275.292419
gray000033 0.001010 310.932404 159.272491 420.495514 257.176300
gray000033 0.001002 339.888916 193.761353 356.808105 233.262146
gray000034 0.581933 118.350899 234.799225 186.529755 298.125519
gray000034 0.007946 133.984680 255.038620 178.488403 282.765839
gray000034 0.006890 132.440506 225.287338 171.763229 287.129272
gray000035 0.362004 132.966125 225.023804 208.742004 326.294067
gray000035 0.048412 137.638443 255.011734 227.408493 303.011230
gray000035 0.010456 218.700974 341.008942 281.851074 385.185760
gray000035 0.010190 148.946274 244.980774 189.299606 316.551636
gray000035 0.010041 102.602371 198.505341 258.360474 399.485687
gray000035 0.007883 304.184753 316.138733 344.811523 368.635986
gray000035 0.005408 292.084045 304.072510 378.587280 372.228394
gray000035 0.003555 140.146790 267.358368 334.935730 413.561371
gray000035 0.003083 236.453003 321.654846 288.314270 402.691223
gray000035 0.002907 90.538132 251.049713 204.417068 342.083832
gray000035 0.002074 392.956818 301.990753 401.353973 315.361664
gray000035 0.001425 193.005096 280.006104 294.280518 400.268005
gray000035 0.001208 342.329529 210.627716 446.539246 270.278381
gray000035 0.001183 156.191345 245.230957 208.272003 296.033813
gray000035 0.001124 354.418945 232.636795 435.804260 312.185547
gray000036 0.783015 136.107605 243.508820 146.598297 259.565582
gray000036 0.074247 130.069748 240.419357 152.675797 262.844757
gray000036 0.013405 139.560730 245.904007 152.489838 256.693726
gray000036 0.013385 151.613876 230.100327 178.696091 256.374756
gray000036 0.012623 141.617310 230.771637 162.155670 261.680176
gray000036 0.008598 131.414932 245.953781 140.488358 256.000916
gray000036 0.004270 142.693832 242.123077 151.590195 250.954193
gray000036 0.004217 158.689987 221.925568 172.455673 266.780365
gray000036 0.003046 145.062119 227.547150 183.369888 269.422363
gray000036 0.002634 138.209381 215.329071 169.586121 256.809113
gray000036 0.002027 120.892738 231.245880 157.546005 260.305267
gray000036 0.001726 138.453323 254.796844 144.409073 262.013458
gray000036 0.001456 131.763611 242.706406 139.252869 251.911667
gray000036 0.001180 121.709702 273.499207 179.539444 319.226440
gray000037 0.759566 147.594147 329.591522 197.345642 386.189911
gray000037 0.106060 150.606506 342.889984 192.776093 372.383392
gray000037 0.002266 162.163483 336.228424 181.871216 379.461090
gray000037 0.001557 121.715508 340.091034 239.780457 386.439117
gray000038 0.295572 327.502533 311.734406 390.043732 370.696320
gray000038 0.252062 309.923584 291.286987 413.594482 375.377319
gray000038 0.083692 139.364822 312.646881 191.443588 367.855072
gray000038 0.058634 140.086502 322.214722 187.915787 347.836731
gray000038 0.013023 334.551514 306.169525 365.592041 381.467377
gray000038 0.003325 154.755005 320.761566 173.848328 348.739166
gray000038 0.001677 106.573708 337.486206 166.903961 386.029297
gray000038 0.001572 75.376633 250.604050 134.180267 347.735291
gray000038 0.001429 104.077469 343.986176 146.621521 369.823639
gray000038 0.001055 11.548859 279.382385 164.564789 328.226440
gray000039 0.041159 132.203262 320.913696 171.083542 367.952881
gray000039 0.010251 208.943405 241.476105 215.578018 249.477325
gray000039 0.010184 109.332657 307.218201 170.849380 356.117737
gray000039 0.005664 151.692368 312.043518 180.330429 353.195862
gray000039 0.005330 120.002533 328.561493 154.658417 362.360260
gray000039 0.004072 117.320786 306.101288 190.128403 386.557465
gray000039 0.001905 202.508392 240.650055 210.302124 249.701233
gray000039 0.001801 170.341690 309.641724 197.634598 354.961304
gray000039 0.001749 108.309677 296.453613 138.144180 336.831726
gray000039 0.001120 158.293900 329.309875 202.663742 355.461243
gray000040 0.483312 131.292679 222.117523 162.222244 249.370605
gray000040 0.138354 132.826706 224.513000 165.460434 274.325012
gray000040 0.046202 139.547379 215.030640 156.207962 247.973022
gray000040 0.011338 124.227486 238.100281 180.986542 288.809692
gray000040 0.007221 175.940857 149.938644 184.979736 161.176376
gray000040 0.005659 134.397598 225.193604 151.949539 259.337463
gray000040 0.003169 183.096375 151.581238 193.278198 160.142365
gray000040 0.001656 184.521378 146.238251 193.392014 153.555908
gray000040 0.001507 135.572968 222.614197 149.886169 238.261444
gray000040 0.001315 169.903152 152.373169 177.313400 160.492310
gray000040 0.001299 177.241669 147.007370 185.068634 153.803391
gray000040 0.001221 174.236465 148.114365 205.253708 165.781082
gray000040 0.001207 162.284378 168.160202 206.554703 208.427017
gray000040 0.001162 163.721680 222.874771 203.241882 272.012970
gray000040 0.001160 238.186142 166.943268 254.522934 177.250916
gray000041 0.637495 159.025635 251.427505 221.248840 313.408905
gray000041 0.020354 359.487854 273.762085 393.284485 347.130249
gray000041 0.008075 167.030167 271.142151 210.429489 299.160889
gray000041 0.001556 184.562943 272.577301 223.189285 296.991302
gray000041 0.001113 351.677277 279.796326 378.399323 342.689087
gray000042 0.369887 130.541046 269.525330 163.506958 298.864136
gray000042 0.124185 128.579269 256.807495 156.055313 313.062744
gray000042 0.062967 163.196472 278.801849 197.387360 319.749542
gray000042 0.023230 138.734863 262.167847 155.946289 297.134644
gray000042 0.014910 148.246429 272.426117 183.934448 322.757111
gray000042 0.013912 136.168015 265.408600 198.445663 329.575531
gray000042 0.010999 301.954590 268.580872 443.335144 340.717102
gray000042 0.002366 134.380371 272.212463 151.356628 297.079590
gray000042 0.001687 181.040085 281.537598 196.000107 321.130554
gray000042 0.001122 175.435333 283.311829 189.410065 319.971008
gray000042 0.001006 363.267487 240.081070 399.691132 264.949188
gray000043 0.257858 178.552246 229.734146 214.742950 298.189270
gray000043 0.142580 166.076324 217.850128 230.043976 312.156158
gray000043 0.004098 178.924026 254.015640 215.230179 282.276367
gray000043 0.001935 373.288971 264.942749 409.629974 304.307068
gray000043 0.001255 163.828522 249.471161 215.840698 272.785004
gray000043 0.001210 172.608551 241.773483 221.091827 266.099457
gray000044 0.864813 176.491165 265.981201 222.002884 320.552063
gray000044 0.015092 188.321106 265.217194 207.941559 319.701752
gray000044 0.010213 181.991531 284.023590 214.913773 311.237274
gray000044 0.007216 296.041809 288.503662 360.447327 336.235291
gray000044 0.004705 153.222885 273.166199 187.788040 324.470703
gray000044 0.004065 356.371918 307.804718 388.047943 352.783173
gray000044 0.003363 140.576752 271.300934 172.288513 326.838043
gray000044 0.002176 311.430298 289.047333 341.173096 312.110809
gray000044 0.002174 146.015579 288.103333 169.620407 313.601929
gray000044 0.001535 163.068924 261.525391 215.124435 350.309692
gray000045 0.663205 91.524109 238.740036 201.813171 355.021790
gray000045 0.063398 105.273682 254.887573 198.884033 311.399414
gray000045 0.003346 128.231064 246.140411 175.267227 323.041412
gray000045 0.002589 139.838547 236.349213 176.074112 256.122772
gray000045 0.001156 113.245117 279.758392 185.258392 365.456573
gray000046 0.152947 83.196068 164.088272 208.553314 319.120239
gray000046 0.002491 100.739983 235.863693 139.795319 295.931427
gray000046 0.001921 90.295639 216.465851 154.218979 315.548859
gray000046 0.001248 238.003616 200.304260 249.713699 207.950745
gray000047 0.255546 264.386353 311.808502 299.721008 371.931854
gray000047 0.037245 247.575439 289.123932 315.185181 396.670929
gray000047 0.005020 229.919525 302.387054 306.239349 361.280548
gray000047 0.003505 212.796280 302.428070 259.569672 356.210663
gray000047 0.001526 180.145004 226.010376 293.714172 315.229370
gray000047 0.001363 193.556885 297.780121 278.904175 339.592499
gray000047 0.001237 266.368408 329.410065 303.049622 353.319672
gray000047 0.001066 251.510986 309.972717 281.349121 353.234436
gray000049 0.819361 157.287277 264.952484 216.510910 324.109283
gray000049 0.124323 169.434845 286.601044 207.601593 315.357635
gray000049 0.019965 162.117828 276.607666 202.723450 308.932312
gray000049 0.005902 180.036880 284.310425 197.864395 317.459106
gray000049 0.002371 164.322708 266.828186 183.400925 304.426025
gray000049 0.001990 173.387527 275.202148 189.749283 311.245239
gray000049 0.001489 221.648849 293.016449 276.539642 333.722443
gray000050 0.280258 64.151505 245.742371 117.259323 294.138733
gray000050 0.051565 57.776794 261.286072 98.083786 288.752441
gray000050 0.010712 75.755402 251.941513 93.047714 288.833771
gray000050 0.008868 129.046555 246.166824 177.033768 289.567566
gray000050 0.008562 68.630920 257.043396 87.754379 293.482727
gray000050 0.006327 141.481079 260.624207 194.794739 297.561401
gray000050 0.004622 66.787796 241.519562 91.191635 309.017487
gray000050 0.004180 96.276665 257.527954 182.139893 301.243286
gray000050 0.002577 54.518658 216.920914 122.854385 337.332581
gray000050 0.002310 148.541397 252.049500 164.652573 283.968445
gray000050 0.002149 43.755676 238.015533 182.373627 305.834869
gray000051 0.510257 340.666199 281.367615 373.624573 340.113220
gray000051 0.082163 328.555481 274.770233 364.084717 331.254303
gray000051 0.032800 321.532288 264.957947 378.244751 356.140259
gray000051 0.008492 351.586365 283.136200 389.108887 337.212677
gray000051 0.004574 318.090637 284.911469 351.341492 334.707428
gray000051 0.004350 107.410835 312.200195 163.790314 350.073547
gray000051 0.004020 348.118103 288.144897 365.637756 329.802490
gray000051 0.003280 343.104095 282.249481 357.768646 335.067352
gray000051 0.002470 96.455864 315.120056 122.652565 337.719910
gray000051 0.002431 122.018272 307.337891 148.743164 354.109436
gray000051 0.002245 102.580124 317.115509 115.073166 331.588470
gray000051 0.002202 333.269226 300.647186 367.282410 330.182770
gray000051 0.001770 61.729668 266.427917 159.504517 337.316956
gray000051 0.001768 75.278297 314.255005 138.047852 355.643188
gray000051 0.001229 183.745865 241.017029 218.649826 324.452087
gray000051 0.001214 393.413696 297.439148 421.080872 334.199524
gray000051 0.001093 388.652313 304.125031 431.026031 353.999115
gray000052 0.299576 110.227989 193.687607 172.278381 233.921310
gray000052 0.175435 119.347809 199.363052 161.325623 225.866196
gray000052 0.012593 131.360504 196.265289 149.352386 228.979248
gray000052 0.004963 124.442245 193.724472 144.758560 221.717453
gray000052 0.003842 126.927246 194.368729 200.531342 241.665878
gray000052 0.002047 151.891632 230.675842 214.597504 267.949341
gray000052 0.001756 112.181435 172.062622 169.446442 261.512756
gray000052 0.001620 139.321854 197.891586 155.750687 228.230637
gray000052 0.001570 157.330261 230.935822 190.823853 257.049194
gray000052 0.001561 127.911102 203.233871 139.828461 221.367722
gray000052 0.001403 220.602325 400.795380 236.647491 406.802765
gray000053 0.012337 187.691437 139.887039 344.420074 223.860764
gray000053 0.008871 184.106873 158.489944 299.080017 248.460281
gray000053 0.008185 176.069519 90.800346 356.149170 274.616364
gray000053 0.004108 217.693680 143.438980 282.073669 233.415298
gray000053 0.002258 239.898514 161.393219 355.528687 266.220245
gray000053 0.001984 280.418640 191.738358 350.572449 270.665497
gray000053 0.001839 229.367432 151.532578 265.936615 221.187027
gray000053 0.001233 144.341629 83.987892 469.378113 325.624481
gray000054 0.632247 123.529160 237.125427 182.157913 295.712585
gray000054 0.074942 137.556396 252.608047 174.847229 285.848053
gray000054 0.008197 147.371460 244.676666 165.759491 293.628815
gray000054 0.005158 120.949936 251.601501 160.058914 300.261353
gray000054 0.001452 124.914780 306.223358 186.642746 356.745270
gray000054 0.001202 155.918869 247.670288 170.833878 289.422241
gray000055 0.010234 153.995728 226.418762 159.695129 231.696777
gray000055 0.009965 154.301208 233.896530 158.246429 237.103867
gray000055 0.005969 185.824600 308.214600 354.128662 512.000000
gray000055 0.002675 148.266129 226.133026 153.801926 233.114868
gray000055 0.001826 203.346619 377.079071 335.968018 478.255219
gray000055 0.001760 192.248688 341.635010 294.414581 512.000000
gray000055 0.001434 146.605820 233.004639 152.679672 237.350250
gray000055 0.001068 193.412628 249.532455 200.158386 256.653046
gray000056 0.161765 66.465012 242.877823 135.221390 287.790222
gray000056 0.028084 56.704842 263.949036 97.930244 286.440613
gray000056 0.004432 69.889580 262.659668 85.126610 289.444214
gray000056 0.003726 67.377968 241.401962 104.860298 307.000824
gray000056 0.001620 16.281960 239.641678 202.337311 305.331451
gray000056 0.001498 284.620087 290.813293 303.887360 345.504639
gray000056 0.001460 65.216858 247.896973 89.788132 290.591187
gray000056 0.001169 78.770325 252.390503 120.155045 284.065186
gray000056 0.001056 65.466751 221.342575 116.568741 334.159515
gray000057 0.222619 244.839951 217.060104 322.575409 259.586700
gray000057 0.029416 274.353210 219.289566 311.067871 274.181213
gray000057 0.013951 203.097443 216.516098 343.025177 322.068604
gray000057 0.009481 262.540497 241.206482 333.971893 318.382935
gray000057 0.007738 289.844391 270.684418 338.976349 321.556122
gray000057 0.006739 261.948334 210.493195 325.601105 290.423187
gray000057 0.003031 278.774170 254.844849 349.805786 340.157837
gray000057 0.002814 207.259521 238.142487 259.568909 325.577545
gray000057 0.002126 216.459183 250.385925 248.080673 312.838440
gray000057 0.001727 282.364471 222.960129 315.916412 250.764145
gray000057 0.001634 275.769104 267.057373 317.632324 328.075073
gray000057 0.001090 250.257202 208.002258 287.083618 265.290771
gray000057 0.001017 241.463928 203.488205 299.421631 295.938477
gray000058 0.596461 163.266785 224.640930 199.117004 280.122650
gray000058 0.167214 169.663177 239.010803 204.892120 266.643280
gray000058 0.041927 178.887344 230.977585 196.289413 275.205292
gray000058 0.017730 148.436584 224.580002 219.746094 302.251068
gray000058 0.013823 171.270859 225.310577 190.846817 266.428833
gray000058 0.004927 160.307861 227.491135 190.541290 250.930710
gray000058 0.003115 167.219162 220.350906 182.055771 257.895477
gray000058 0.001002 179.951508 244.693665 196.257843 263.255249
gray000059 0.274129 143.417877 278.334961 204.105896 339.809387
gray000059 0.174680 134.275955 240.423050 224.876663 362.572601
gray000059 0.011386 322.670898 309.031860 369.862854 351.920349
gray000059 0.007097 149.112656 289.018097 196.953384 314.837738
gray000059 0.005884 332.036469 288.013428 390.262115 343.277222
gray000059 0.003573 170.325607 292.263214 206.882370 324.521515
gray000059 0.002809 165.501892 288.552246 198.079651 357.383789
gray000059 0.002341 193.003616 329.580170 203.063431 338.085419
gray000059 0.001065 383.106415 303.103119 394.459198 313.732208
gray000060 0.692072 96.142761 223.740387 169.672241 278.510315
gray000060 0.024783 108.605743 237.889709 157.958710 267.517761
gray000060 0.007931 68.358063 135.123077 208.191193 207.627228
gray000060 0.003363 128.764664 167.162308 137.755234 177.672501
gray000060 0.002589 397.188721 234.595047 424.459778 294.556488
gray000060 0.002168 124.690262 229.894684 142.199051 275.168365
gray000060 0.002042 359.336578 307.773743 382.413666 341.889954
gray000060 0.001463 130.375488 232.166595 209.517242 310.097198
gray000060 0.001026 378.506927 240.151581 442.939606 290.450775
gray000061 0.488704 229.101913 312.508270 297.277435 373.558807
gray000061 0.001200 245.588669 309.296783 284.541199 399.175446
gray000062 0.323443 106.082428 293.457794 141.287094 322.047516
gray000062 0.006541 115.778358 288.544342 133.482635 319.444122
gray000062 0.003973 94.811066 278.500580 146.582840 325.094269
gray000062 0.002565 84.580505 264.247192 156.822647 366.257263
gray000062 0.001777 93.863029 302.913696 150.444702 347.757629
gray000062 0.001130 113.018364 301.059875 137.573044 317.228455
gray000063 0.305807 319.276550 271.017303 349.051086 301.134918
gray000063 0.141239 316.534729 262.667664 364.501404 309.295654
gray000063 0.009893 303.466278 247.772125 380.133636 317.746979
gray000063 0.008613 152.653717 249.278900 180.692841 283.213470
gray000063 0.007774 140.454269 263.997772 176.131882 286.896576
gray000063 0.006939 126.994637 252.897095 183.534485 303.794556
gray000063 0.001929 155.117767 226.509201 181.914825 277.160583
gray000063 0.001748 150.545624 268.842255 163.173615 281.763763
gray000063 0.001628 353.553314 277.694336 394.715607 317.701538
gray000063 0.001301 143.984558 237.663177 191.424133 294.460052
gray000063 0.001288 148.513855 257.136566 167.709045 284.634857
gray000063 0.001210 322.456543 283.972717 343.908081 300.047729
gray000063 0.001181 154.491943 266.416870 173.134369 285.041443
gray000063 0.001144 335.453094 251.239426 408.330963 302.362396
gray000064 0.663387 342.863190 160.586594 432.166412 261.934937
gray000064 0.040757 143.158020 235.536133 199.748169 287.974670
gray000064 0.013501 154.715637 247.503098 192.694519 274.230743
gray000064 0.011495 355.264862 186.683746 428.211578 239.900024
gray000064 0.001985 311.920959 144.726303 478.740967 223.304703
gray000064 0.001726 310.265137 152.129593 482.575134 307.762024
gray000064 0.001425 371.926086 166.391998 411.067810 264.861450
gray000064 0.001327 118.892227 203.425827 193.239670 266.055206
gray000064 0.001138 94.503197 290.092590 149.635727 332.588867
gray000064 0.001100 152.311462 209.398987 180.766449 267.018066
gray000064 0.001044 166.007645 246.540695 181.882919 275.072266
gray000065 0.125283 141.430923 287.015076 171.292526 311.252258
gray000065 0.113454 149.217270 293.564423 161.933060 306.026581
gray000065 0.012612 132.105453 289.597717 176.469498 329.407837
gray000065 0.004604 146.536484 294.500641 156.158859 304.627289
gray000065 0.002361 403.420959 170.737976 441.668518 190.662445
gray000065 0.001841 146.749069 289.454132 157.444412 300.496613
gray000065 0.001493 90.277138 278.783386 195.757263 326.462524
gray000065 0.001248 151.207382 302.258698 159.992203 310.263947
gray000066 0.072487 226.070435 271.618317 263.144073 327.134186
gray000066 0.018790 258.326508 232.116577 347.765228 311.853760
gray000066 0.017756 202.129379 245.189911 268.730347 350.358673
gray000066 0.008803 220.393524 295.772644 257.368958 320.547424
gray000066 0.007572 236.782227 290.239746 252.864166 327.037903
gray000066 0.004105 229.372253 291.590179 247.429138 325.900543
gray000066 0.001842 220.855835 241.320648 252.639740 326.360748
gray000066 0.001661 208.469925 129.702087 270.852966 209.160278
gray000066 0.001522 218.418060 257.355011 275.468933 308.483002
gray000066 0.001445 217.746292 280.711456 255.756088 305.329620
gray000066 0.001240 291.940338 291.761261 338.316132 343.573700
gray000066 0.001108 205.680420 273.973053 237.330444 320.764313
gray000067 0.393443 207.332047 345.945068 231.892075 371.180542
gray000067 0.015047 184.538391 342.224243 247.480133 377.864441
gray000067 0.004696 4.236012 337.828400 37.355400 362.167450
gray000067 0.004359 203.283905 332.594147 233.629669 387.598785
gray000067 0.003741 209.865738 350.853333 221.737350 363.616516
gray000067 0.003048 207.602631 356.804596 222.989349 367.770721
gray000067 0.001084 4.716761 329.957520 37.635010 391.767517
gray000068 0.075836 119.963547 191.521988 212.833694 282.588989
gray000068 0.074918 52.841122 182.574966 129.857681 228.338242
gray000068 0.023478 80.277885 170.507431 121.931129 242.109879
gray000068 0.009737 59.784229 164.131866 153.539429 250.513214
gray000068 0.009562 72.093506 147.511383 222.284973 317.483368
gray000068 0.008549 130.476608 208.307144 182.033096 312.747772
gray000068 0.006805 123.038757 240.403976 187.381409 288.590881
gray000068 0.005874 132.008133 222.839523 201.731674 275.599457
gray000068 0.003088 147.955048 193.796051 186.032715 279.316711
gray000068 0.001505 156.396729 240.668106 189.094421 281.671661
gray000068 0.001276 82.929909 198.933289 119.137459 225.420929
gray000068 0.001234 78.375526 192.677917 153.399811 237.029938
gray000068 0.001200 382.221436 228.292969 395.421265 262.443512
gray000069 0.497227 115.299583 209.086243 168.469055 277.262665
gray000069 0.124035 121.596275 227.844147 160.769806 257.195923
gray000069 0.006755 130.508728 218.490143 150.489136 258.519562
gray000069 0.004979 78.770569 219.138931 199.275909 313.536377
gray000069 0.004217 313.287720 252.933807 346.634644 310.125153
gray000069 0.001536 327.375031 260.807953 353.190216 279.120148
gray000069 0.001107 140.128494 219.416702 154.620041 267.316589
gray000069 0.001004 319.006287 264.781952 361.213928 285.234100
gray000070 0.651189 352.447845 327.223083 393.598053 352.427490
gray000070 0.035439 363.055054 325.454834 382.777100 354.184509
gray000070 0.001549 355.580139 311.724304 420.716248 351.051758
gray000070 0.001251 317.373993 292.007355 369.848663 337.856232
gray000070 0.001070 141.483246 338.500671 222.841980 379.919495
gray000071 0.005318 181.487549 360.305542 196.564148 368.602905
gray000071 0.003519 170.222183 353.780029 207.846024 372.755188
gray000071 0.001482 164.607697 345.623230 213.746094 369.212524
gray000071 0.001449 281.566467 245.790497 346.859924 286.365631
gray000071 0.001164 184.407318 368.046204 194.383911 375.424622
gray000072 0.505695 146.677673 285.857849 182.616058 314.826538
gray000072 0.331445 141.523697 278.704010 187.223740 335.535309
gray000072 0.081050 155.422577 281.138428 173.823975 319.727905
gray000072 0.001116 316.846252 290.998535 379.716370 330.319153
gray000073 0.022447 284.450012 227.083862 345.015076 276.597046
gray000073 0.014807 218.622849 150.874069 318.939484 269.519287
gray000073 0.012612 280.575073 214.672394 346.469849 318.168915
gray000073 0.007739 196.809937 123.597244 393.874634 295.068420
gray000073 0.004705 196.376450 127.592125 336.473328 229.358582
gray000073 0.003709 233.042099 247.031738 316.017822 351.142395
gray000073 0.003549 230.733551 303.479492 302.212067 350.225098
gray000073 0.003463 247.901810 193.233337 350.027802 294.982971
gray000073 0.003322 293.594940 287.480469 330.927887 338.150330
gray000073 0.002985 197.042206 262.588165 300.411255 335.030426
gray000073 0.002839 220.771759 199.528717 385.507660 336.704742
gray000073 0.002684 201.192749 176.354660 295.123413 224.910110
gray000073 0.002478 283.379974 258.071533 338.457794 364.063904
gray000073 0.002347 211.494431 160.511093 284.059540 210.991623
gray000073 0.002120 201.970947 163.747940 270.080811 265.536133
gray000073 0.002002 304.350708 201.447479 432.925171 302.517395
gray000073 0.001874 252.020660 288.203186 309.759613 338.202576
gray000073 0.001862 168.371399 153.460815 322.538330 326.864349
gray000073 0.001669 222.465912 146.217987 304.715668 193.907288
gray000073 0.001475 211.953995 189.206177 282.310669 241.940308
gray000073 0.001390 141.993988 233.276474 196.537262 296.965729
gray000073 0.001307 213.301544 196.915543 284.532562 294.253784
gray000073 0.001229 268.665375 270.016876 326.400238 326.716400
gray000073 0.001146 221.138824 228.150879 280.129852 331.542603
gray000073 0.001001 231.882614 121.308205 298.007843 220.012268
gray000074 0.022985 355.847656 282.364746 398.744812 350.627991
gray000074 0.001016 373.118378 318.815308 388.822418 329.005920
gray000075 0.231006 293.245087 286.485626 365.333405 371.497589
gray000075 0.003210 313.048431 305.527435 345.386566 374.341095
gray000075 0.003101 303.350220 291.394958 333.145874 362.761780
gray000075 0.001753 124.515411 490.747284 172.756744 510.628754
gray000075 0.001155 358.523773 347.132782 385.772980 364.947235
gray000075 0.001125 368.876038 352.016632 377.023193 361.661163
gray000076 0.635937 158.867584 123.188797 329.047882 282.377197
gray000076 0.024411 283.437622 86.903847 374.154480 158.454163
gray000076 0.005704 195.162537 76.041107 326.369812 233.210938
gray000076 0.003277 214.465881 144.143036 302.145142 271.448456
gray000076 0.003243 203.843063 145.143982 264.707123 255.299011
gray000076 0.002420 222.877014 33.738716 369.134460 205.716858
gray000076 0.001082 323.746185 97.745514 360.151276 170.240936
gray000077 0.056252 314.033691 305.851410 351.814270 327.824677
gray000077 0.040593 311.271423 296.065674 370.069214 339.321289
gray000077 0.021764 323.448486 299.235901 342.510803 335.001038
gray000077 0.003607 223.675430 177.049896 234.560257 185.052673
gray000077 0.001871 324.177155 314.372528 354.217865 333.964569
gray000077 0.001760 216.890091 175.505875 227.307114 186.175797
gray000077 0.001370 309.505371 300.561615 344.809814 321.007416
gray000077 0.001322 188.839203 328.792755 204.874756 338.275665
gray000077 0.001308 185.125580 331.746857 210.168549 350.254120
gray000077 0.001148 330.839508 303.473755 348.380463 344.142456
gray000077 0.001102 319.770477 288.356171 348.193268 358.366913
gray000078 0.425180 325.064087 239.005463 393.029236 307.707428
gray000078 0.008395 319.934235 206.277435 416.395416 335.019318
gray000078 0.001230 331.029266 246.612411 368.075409 274.894745
gray000079 0.211196 177.477982 132.748962 428.260193 277.845276
gray000079 0.061704 229.557083 134.524185 370.599121 221.179001
gray000079 0.054365 114.754761 72.219414 369.891724 285.590393
gray000079 0.010498 56.659790 105.389725 427.597473 365.541199
gray000079 0.007336 273.729797 146.653015 385.813904 266.446716
gray000079 0.006696 85.862106 114.750061 512.000000 245.631744
gray000079 0.005726 154.717072 149.907532 252.988861 257.439819
gray000079 0.003358 134.718506 125.546341 344.709229 226.500870
gray000079 0.003242 216.983093 173.663483 335.122498 298.813019
gray000079 0.002701 229.824478 207.934280 298.598694 262.152832
gray000079 0.001557 184.425201 154.400146 292.606506 319.805359
gray000080 0.380325 332.832581 257.547577 396.570312 335.221588
gray000080 0.026260 310.700439 238.692871 414.721375 322.746216
gray000080 0.003505 464.213013 66.930107 473.530701 83.551628
gray000080 0.003218 336.720764 265.360657 377.755859 288.231201
gray000080 0.002384 337.604767 292.638733 378.772919 322.653931
gray000080 0.002350 350.954132 287.746399 393.283539 313.814636
gray000080 0.002258 338.670258 255.499100 365.147247 312.719604
gray000081 0.786145 142.370850 263.575653 194.246582 322.340912
gray000081 0.086794 142.589600 272.387726 188.650085 299.998016
gray000081 0.021343 351.609406 255.232193 425.955414 307.160248
gray000081 0.007449 150.740402 283.665710 191.498550 314.787415
gray000081 0.005916 154.446167 263.694977 175.268951 309.295807
gray000081 0.003312 368.101288 239.426437 396.093597 327.582703
gray000081 0.002444 163.088196 280.338593 194.034149 303.936676
gray000081 0.001559 164.613098 273.426086 179.251953 311.999756
gray000082 0.020363 355.265717 292.699310 401.572357 334.363373
gray000082 0.010373 362.837158 297.504761 396.742920 322.462219
gray000082 0.002885 269.972748 285.098206 303.182892 303.495911
gray000082 0.002715 261.441467 277.358673 305.780151 321.229706
gray000082 0.001559 276.403351 275.941925 294.769379 312.125092
gray000083 0.346840 129.621124 331.707245 167.966370 382.678864
gray000083 0.045687 315.441345 326.661926 365.896606 364.902344
gray000083 0.031384 122.256035 314.316071 179.448364 400.922028
gray000083 0.028720 137.556107 344.498413 174.114761 369.032410
gray000083 0.011329 126.096939 342.525238 159.623886 370.021637
gray000083 0.006305 363.719147 347.776886 422.385895 396.897125
gray000083 0.005764 319.135315 314.357025 348.148254 378.080719
gray000083 0.002846 141.288025 339.542847 157.500427 373.510254
gray000083 0.001654 143.882904 330.049774 181.603516 383.365143
gray000083 0.001405 134.081345 338.356567 149.946518 375.642212
gray000083 0.001299 377.906006 340.403503 407.121521 388.831238
gray000083 0.001131 362.371155 371.453674 400.513000 387.692200
gray000083 0.001096 148.923660 339.114532 164.463028 374.194183
gray000083 0.001051 98.932381 309.762054 192.019867 372.172028
gray000084 0.356144 131.858368 222.606354 162.688507 250.680634
gray000084 0.222387 132.270309 218.850006 166.901871 278.725189
gray000084 0.016989 136.066696 227.273376 149.487656 246.184875
gray000084 0.014186 140.261932 228.748138 155.279510 245.733948
gray000084 0.006259 345.307220 224.162079 403.746307 278.579834
gray000084 0.005629 182.908157 216.032043 218.789230 258.824738
gray000084 0.005491 168.162186 161.018402 176.685745 169.533447
gray000084 0.004116 134.665482 213.809891 151.301254 249.283676
gray000084 0.003743 208.457031 136.672607 216.135345 145.950623
gray000084 0.003189 197.889526 221.628418 214.147369 252.053589
gray000084 0.001869 132.881653 235.832886 151.456940 249.511597
gray000084 0.001507 162.147079 162.401764 169.719070 169.106506
gray000084 0.001486 190.602707 151.278015 200.952927 161.139465
gray000084 0.001418 193.047089 145.347397 201.421509 153.180130
gray000084 0.001391 167.605957 157.896545 196.314240 173.804016
gray000084 0.001382 240.469360 168.086273 251.635712 176.030701
gray000084 0.001311 139.856766 264.979370 173.957901 286.739563
gray000084 0.001274 125.040436 242.933197 182.678375 283.662872
gray000084 0.001217 152.731644 167.652725 217.092850 206.127945
gray000084 0.001171 148.366699 222.389236 162.355743 251.346512
gray000084 0.001171 200.057144 143.731110 207.733231 152.446472
gray000084 0.001054 156.434448 210.233185 216.058228 262.305145
gray000085 0.274129 143.417877 278.334961 204.105896 339.809387
gray000085 0.174680 134.275955 240.423050 224.876663 362.572601
gray000085 0.011386 322.670898 309.031860 369.862854 351.920349
gray000085 0.007097 149.112656 289.018097 196.953384 314.837738
gray000085 0.005884 332.036469 288.013428 390.262115 343.277222
gray000085 0.003573 170.325607 292.263214 206.882370 324.521515
gray000085 0.002809 165.501892 288.552246 198.079651 357.383789
gray000085 0.002341 193.003616 329.580170 203.063431 338.085419
gray000085 0.001065 383.106415 303.103119 394.459198 313.732208
gray000086 0.704754 142.344513 236.669678 198.322784 291.635315
gray000086 0.056103 152.842331 251.858185 192.694138 284.547943
gray000086 0.012130 139.705322 246.166153 178.456055 274.220093
gray000086 0.002862 162.654205 245.649490 228.900146 289.857880
gray000086 0.001889 176.556305 255.582031 216.551544 298.187500
gray000086 0.001279 172.744659 250.288635 186.616821 284.919739
gray000086 0.001009 164.865448 259.677277 182.053101 289.461029
gray000087 0.418226 242.141479 125.369644 352.988953 234.427536
gray000087 0.099075 145.600250 95.274498 340.419952 272.583618
gray000087 0.062257 144.309692 120.817741 275.344849 231.217438
gray000087 0.018342 205.691483 132.729889 392.536865 270.519836
gray000087 0.011520 217.909668 155.079376 324.879517 246.820068
gray000087 0.008559 182.412689 146.418289 305.499451 398.952087
gray000087 0.008357 240.786331 233.738571 267.251648 255.820724
gray000087 0.003620 141.464935 139.212860 229.954529 212.532074
gray000087 0.003209 192.507614 183.639679 287.202393 287.372406
gray000087 0.002546 91.497864 64.770264 389.344147 415.066498
gray000087 0.002424 277.913818 148.759064 371.219116 252.815308
gray000087 0.001746 167.264282 226.319839 252.372498 321.636383
gray000087 0.001557 220.125931 238.987671 312.234772 362.282288
gray000087 0.001520 188.793289 247.951477 204.444351 273.921021
gray000087 0.001457 201.274811 262.245148 208.885651 274.912811
gray000087 0.001411 176.320923 257.845856 226.404053 303.112762
gray000087 0.001402 198.906403 253.320190 280.002625 345.845703
gray000087 0.001346 194.539276 249.465683 200.597992 258.089325
gray000087 0.001286 145.259735 118.331940 219.106842 187.428802
gray000087 0.001179 36.291656 79.039780 508.350006 287.406250
gray000087 0.001008 193.949341 255.219070 201.397034 267.282410
gray000088 0.245117 314.324219 210.126221 399.375793 263.958435
gray000088 0.012491 288.957153 154.250519 497.604492 326.018402
gray000088 0.009484 323.038818 224.562454 374.000305 247.651016
gray000088 0.006816 340.486633 188.642578 441.043579 304.819641
gray000088 0.004772 127.206131 260.331848 184.400620 306.272827
gray000088 0.004073 312.488861 219.690659 370.735382 239.290451
gray000088 0.003352 326.064606 209.185135 370.599762 280.085144
gray000088 0.002815 142.130524 241.137253 173.571320 266.013092
gray000088 0.001475 313.535400 102.717255 428.195618 253.405396
gray000088 0.001354 150.955322 237.197098 165.059387 268.969757
gray000088 0.001338 337.398438 220.166718 361.049255 252.590668
gray000088 0.001042 140.537674 270.203674 176.812149 297.964600
gray000089 0.165262 100.248383 255.392395 176.886261 306.239685
gray000089 0.088535 118.329681 269.888672 180.514679 319.239624
gray000089 0.034199 225.362717 359.649750 232.305405 369.521332
gray000089 0.015204 224.017609 354.028442 234.653992 362.003418
gray000089 0.012887 107.281189 271.480042 237.496674 335.301270
gray000089 0.007136 119.834251 247.974838 158.102219 310.492554
gray000089 0.006860 85.202682 274.058563 145.149216 333.690460
gray000089 0.004888 130.421173 278.015381 166.047455 306.240417
gray000089 0.003198 79.391739 305.515045 151.021957 355.116791
gray000089 0.002466 222.177307 350.816711 236.139771 379.172607
gray000089 0.002049 220.415894 347.721222 237.545715 366.341949
gray000089 0.001760 227.020493 366.125214 231.610886 377.622833
gray000089 0.001527 100.466873 242.282486 149.221222 352.656158
gray000089 0.001321 212.817749 338.225525 242.670349 373.765930
gray000089 0.001248 140.506683 279.763763 157.333679 305.695160
gray000089 0.001112 115.312729 266.391785 211.034103 299.227783
gray000090 0.058531 217.186035 215.836761 319.322754 334.202850
gray000090 0.040806 262.532501 321.066193 294.983673 370.741180
gray000090 0.025259 205.526794 226.366974 268.564240 332.607086
gray000090 0.022822 193.851471 165.402802 298.583466 378.873932
gray000090 0.014781 215.250595 202.643219 285.517609 300.471893
gray000090 0.011449 203.381531 319.676025 256.590546 371.448181
gray000090 0.010172 200.618561 307.331177 239.946472 353.883240
gray000090 0.008759 211.681885 341.439697 244.535309 371.546265
gray000090 0.008220 248.640213 307.770813 283.671661 354.488708
gray000090 0.006784 219.373505 237.821838 249.525696 321.274048
gray000090 0.005409 280.669647 286.764923 313.675079 339.120209
gray000090 0.005340 192.046753 303.384003 271.048248 385.884064
gray000090 0.005211 234.694489 254.336380 296.346893 339.683044
gray000090 0.004675 274.814423 269.105713 321.140900 358.211304
gray000090 0.004409 250.391464 305.460449 310.854492 383.326050
gray000090 0.004028 229.831375 262.996735 266.383667 332.685394
gray000090 0.003418 155.561005 233.411072 273.419952 304.719543
gray000090 0.003054 276.551788 319.372375 309.484955 369.524353
gray000090 0.003023 219.378799 334.354675 237.847549 378.481018
gray000090 0.002866 224.320129 234.933060 270.088470 297.251526
gray000090 0.002518 172.717377 173.782654 360.059235 320.899445
gray000090 0.002346 239.016083 330.488281 292.785004 389.032532
gray000090 0.002211 262.951569 291.565338 298.325714 338.575897
gray000090 0.002068 293.476807 279.762543 323.441772 348.217316
gray000090 0.001930 251.649231 336.569214 278.557434 381.959045
gray000090 0.001653 217.324554 291.643707 280.996674 338.077850
gray000090 0.001651 238.479721 178.292755 359.838745 249.425385
gray000090 0.001230 217.413742 286.485718 248.158401 341.505737
gray000090 0.001099 225.784607 157.140686 307.671326 275.571899
gray000090 0.001095 246.905319 187.736649 342.627441 304.386139
gray000091 0.175623 186.449142 138.596619 295.841431 283.860413
gray000091 0.046617 197.461853 241.280594 232.016083 288.818054
gray000091 0.010314 167.815430 57.530693 309.172516 311.819183
gray000091 0.005286 158.836395 130.708740 272.349457 236.858368
gray000091 0.004568 182.306061 229.253281 248.478394 297.234772
gray000091 0.003985 207.035019 171.174515 312.213562 257.512451
gray000091 0.003643 183.306244 223.520370 219.098419 279.923462
gray000091 0.002514 204.246399 256.169769 233.768524 283.139008
gray000091 0.002068 180.523071 187.105942 253.013123 277.193390
gray000091 0.001184 214.399323 235.639938 240.669861 297.636902
gray000091 0.001031 225.752411 186.239029 265.909790 250.824570
gray000092 0.218548 107.665161 293.565582 143.269897 323.424164
gray000092 0.099765 150.463867 266.229736 180.175354 291.161316
gray000092 0.056235 156.340317 271.391693 174.630722 295.090790
gray000092 0.043845 117.145500 288.314911 133.735352 328.943390
gray000092 0.024408 328.427887 310.350677 360.301605 348.323700
gray000092 0.015345 101.259506 282.499390 150.402969 341.119507
gray000092 0.010003 167.642899 276.112640 196.624619 324.186249
gray000092 0.007219 164.689590 267.892883 180.011948 298.430725
gray000092 0.005990 341.708557 304.556061 356.766724 346.043060
gray000092 0.005962 144.429169 269.572937 194.304291 325.262207
gray000092 0.005927 110.652283 290.496857 127.649887 327.181854
gray000092 0.005028 123.366638 290.473145 139.526978 326.445801
gray000092 0.003407 349.918243 315.320648 363.055145 348.631439
gray000092 0.002787 317.007507 310.757599 344.217834 345.689850
gray000092 0.002366 300.733124 310.038727 333.901154 338.110626
gray000092 0.002324 150.805206 269.227753 165.288605 285.444916
gray000092 0.002302 121.431824 309.673462 147.888275 340.730774
gray000092 0.002149 129.909821 288.304626 165.029510 339.502869
gray000092 0.002010 112.469933 301.666779 155.932220 348.276703
gray000092 0.001996 342.031403 312.440491 368.807343 338.774536
gray000092 0.001904 117.801140 301.705200 133.247391 317.703796
gray000092 0.001625 350.884857 325.436798 364.067596 340.456329
gray000092 0.001417 342.097290 325.864899 358.546936 339.142792
gray000092 0.001366 308.447540 318.024689 325.918488 332.045135
gray000092 0.001281 155.387863 259.625793 174.799942 283.570312
gray000092 0.001033 182.705231 268.229675 195.218567 314.443237
gray000093 0.335901 287.272064 217.354340 313.760223 280.363983
gray000093 0.094031 274.274719 202.593704 327.749634 294.210968
gray000093 0.070522 154.609207 57.139915 385.258118 236.292877
gray000093 0.031988 294.216156 235.865463 323.134796 283.406189
gray000093 0.027656 200.575317 96.495361 337.515198 197.738373
gray000093 0.019945 230.755630 221.941727 262.707672 275.951843
gray000093 0.017759 221.012344 208.474915 249.395798 263.806885
gray000093 0.012720 230.807968 143.434265 317.761719 345.663422
gray000093 0.011687 292.243683 225.351868 326.216461 263.755890
gray000093 0.011334 241.467102 219.063721 296.000488 337.497070
gray000093 0.010916 272.366455 217.547302 299.807495 282.563934
gray000093 0.008655 246.962936 254.109833 282.763489 305.345428
gray000093 0.007701 263.735474 207.379684 305.264404 314.822662
gray000093 0.004005 217.621307 198.519501 283.761871 297.258942
gray000093 0.003157 301.729492 224.448654 316.431763 264.894318
gray000093 0.002402 229.087097 178.855179 366.871033 299.486084
gray000093 0.002178 42.564713 44.501396 510.791199 249.930939
gray000093 0.002035 246.259964 216.811920 283.000793 286.368744
gray000093 0.001747 193.090393 79.553329 293.022095 262.871033
gray000093 0.001309 260.068054 149.361633 334.122559 287.651031
gray000093 0.001295 291.925903 219.299698 310.900391 257.090698
gray000093 0.001264 247.237244 285.305481 282.865906 333.175781
gray000094 0.301089 321.381073 267.244293 367.984161 320.003204
gray000094 0.059945 321.718964 281.670013 360.773834 305.695526
gray000094 0.031480 151.432938 275.091553 181.087784 296.164490
gray000094 0.004377 143.002975 265.290833 192.086777 303.538818
gray000094 0.004223 162.855606 276.936035 179.405563 293.055847
gray000094 0.003813 332.208527 275.809174 350.829803 310.073639
gray000094 0.002524 340.352356 277.644440 358.248413 308.000458
gray000094 0.001329 134.473511 281.041656 182.413269 301.132294
gray000094 0.001290 158.812469 276.398865 173.477966 305.896240
gray000094 0.001030 324.574432 279.089996 343.593964 308.002716
gray000095 0.308624 137.219971 248.402100 192.219482 302.617554
gray000095 0.197728 142.721161 255.819321 184.010132 283.051819
gray000095 0.025943 155.071671 246.934769 173.166580 291.266327
gray000095 0.005681 18.805847 437.842468 24.536816 447.675110
gray000095 0.002699 149.253632 258.046783 167.902618 292.085175
gray000095 0.002129 127.591843 252.549774 228.328568 287.388214
gray000096 0.359169 366.360474 247.796677 414.402222 293.529724
gray000096 0.049826 377.420166 260.685547 412.485474 286.713928
gray000096 0.038899 157.657532 296.336426 203.426941 332.971069
gray000096 0.022359 161.713806 297.308868 187.741821 321.638275
gray000096 0.003592 385.566589 254.590012 404.289795 284.669586
gray000096 0.002726 172.743591 289.726257 187.122559 330.146667
gray000096 0.001290 374.899567 253.244659 393.587494 286.047943
gray000096 0.001049 333.941193 245.441757 394.419525 288.384430
gray000097 0.757497 389.249084 318.086914 420.565735 350.317017
gray000097 0.018856 378.571960 312.053467 428.909119 365.168701
gray000097 0.010505 397.092682 323.903595 412.110687 351.512604
gray000097 0.006405 400.298218 322.015747 419.959290 344.503662
gray000097 0.003581 158.637390 376.400635 204.131958 401.543030
gray000097 0.002811 395.720551 328.577942 413.298920 339.797546
gray000097 0.001573 222.634659 359.359131 233.882309 369.173340
gray000097 0.001483 390.774658 329.444122 409.696594 346.840057
gray000097 0.001145 234.066376 349.266083 238.558228 363.891266
gray000097 0.001139 404.601379 325.610596 416.396790 350.548828
gray000098 0.132670 185.856781 247.433014 253.136169 350.653961
gray000098 0.106390 204.142868 297.486420 235.127060 358.179901
gray000098 0.061248 278.373535 269.931458 315.490295 323.922791
gray000098 0.057290 201.848541 251.286774 239.095947 320.094208
gray000098 0.036029 262.549744 244.909195 332.870789 347.916870
gray000098 0.014500 205.138412 286.641876 257.386780 367.999298
gray000098 0.008925 214.063492 315.721680 245.429276 363.543091
gray000098 0.007279 242.652756 221.038864 357.956848 323.704895
gray000098 0.005388 259.398346 228.717331 336.823822 274.931427
gray000098 0.004620 204.083679 317.861145 239.920685 344.886841
gray000098 0.004000 183.327744 228.005112 286.992310 321.631897
gray000098 0.003558 278.217682 236.459061 318.067596 297.743408
gray000098 0.003520 210.916122 280.310181 247.063675 304.902527
gray000098 0.002650 293.013214 253.673996 323.057343 310.041931
gray000098 0.002345 193.110123 281.086914 233.499496 303.433228
gray000098 0.002158 221.899704 191.228119 330.612274 299.023956
gray000098 0.002004 252.175125 149.343964 346.046082 272.385651
gray000098 0.001572 185.971207 263.301941 222.932724 332.666199
gray000098 0.001499 270.120880 267.782684 299.844696 328.719513
gray000098 0.001484 256.587006 215.412689 310.204865 316.110077
gray000098 0.001474 282.934326 209.962006 334.915833 323.706635
gray000099 0.004228 72.664803 196.288971 152.476166 288.604095
gray000099 0.002671 218.886703 280.071838 238.332687 293.330994
gray000099 0.002590 222.562927 276.429382 237.017303 306.521851
gray000099 0.002487 205.663422 281.701569 239.960907 302.636871
gray000099 0.001627 72.068344 245.548569 137.777908 285.073059
gray000099 0.001237 85.227158 191.212982 156.776749 242.940704
gray000099 0.001028 178.893646 273.373688 257.441711 323.629730
