gray000000 0.113149 199.034821 257.749146 282.941406 347.431091
gray000000 0.008003 209.380310 306.018463 280.381866 352.455414
gray000000 0.007152 208.520432 275.775208 281.840454 321.718201
gray000000 0.004260 199.014328 176.909790 294.527710 367.924866
gray000000 0.001381 297.917847 314.104279 301.549316 318.889557
gray000001 0.833202 374.722473 258.322632 419.215820 285.106384
gray000002 0.881094 129.658401 336.127197 195.656601 384.393494
gray000003 0.417801 270.094086 280.101410 304.489471 305.450714
gray000003 0.026611 241.030899 146.163742 251.163834 153.565018
gray000003 0.008782 246.981705 145.488388 257.119354 153.158493
gray000003 0.001601 280.656128 286.043304 293.449707 300.700897
gray000003 0.001582 239.613632 148.325272 251.900253 160.480545
gray000003 0.001552 255.169632 144.771820 266.444214 153.071594
gray000003 0.001516 281.131805 275.543640 300.311615 300.785156
gray000004 0.458824 126.349854 307.141846 160.035980 332.255554
gray000004 0.004031 143.119324 503.617645 155.619781 512.000000
gray000004 0.001475 142.447754 495.666138 155.192841 512.000000
gray000004 0.001208 128.812531 500.739319 169.052277 512.000000
gray000004 0.001159 136.570465 314.562286 156.979553 324.566681
gray000005 0.052404 217.508011 345.548798 222.332626 351.571808
gray000005 0.001727 213.151474 346.336426 217.290237 349.897095
gray000005 0.001442 214.710510 221.586365 245.442841 236.587158
gray000006 0.474520 322.017853 272.282349 339.760040 293.453430
gray000006 0.013035 207.597778 280.670074 217.105713 287.950897
gray000006 0.002457 312.840454 265.909027 342.693787 303.050934
gray000007 0.951653 150.180496 267.077026 210.215225 319.750977
gray000008 0.286005 321.333679 255.485153 367.160034 302.176514
gray000008 0.001412 327.563690 258.901947 368.584137 281.525055
gray000009 0.885889 381.374176 261.793457 414.688934 278.249207
gray000009 0.001668 391.115448 267.835510 414.659515 280.451111
gray000010 0.006216 164.529678 141.246155 234.187973 199.403809
gray000010 0.002709 162.621674 254.789978 236.505005 310.823547
gray000010 0.001178 68.910538 230.727783 104.494843 296.389587
gray000010 0.001031 157.349976 269.747284 251.819824 344.960236
gray000011 0.495896 127.724701 230.643524 158.563110 258.882385
gray000012 0.983681 55.339752 261.652069 210.340118 329.406464
gray000012 0.001191 141.174728 197.546768 176.782547 215.636215
gray000013 0.974419 132.704483 330.863098 195.352158 396.786499
gray000013 0.188438 413.088287 204.801987 442.789215 220.530869
gray000013 0.079684 418.782806 206.679184 437.676056 217.642776
gray000013 0.007755 419.728149 202.755417 435.548035 212.667496
gray000013 0.005730 412.429138 211.519562 443.369202 227.785187
gray000014 0.307168 185.773666 233.561523 210.594040 250.176239
gray000015 0.638846 326.049805 290.186829 371.063049 333.472412
gray000015 0.033457 338.731232 292.195251 358.448700 328.830933
gray000016 0.990558 83.712265 244.816223 186.620621 347.254639
gray000016 0.001644 310.389801 159.894485 324.524017 170.616898
gray000016 0.001027 298.975525 158.048584 335.346313 172.749268
gray000017 0.769042 231.926392 284.744598 268.091675 359.873016
gray000017 0.021379 245.837860 208.313721 282.398712 260.411957
gray000018 0.261592 110.741127 292.720551 144.405792 322.039398
gray000019 0.067011 84.214706 189.425949 189.749985 292.638184
gray000019 0.018904 235.357590 106.225998 295.440338 161.338089
gray000019 0.002207 103.630211 288.305786 115.530403 295.569458
gray000019 0.002123 256.380493 157.242249 411.412537 249.394379
gray000019 0.001427 30.450279 162.587234 246.205017 369.073425
gray000019 0.001299 371.934692 351.921936 388.343140 374.886230
gray000019 0.001051 103.622459 282.180359 114.760170 289.686340
gray000020 0.984947 116.075638 258.966003 181.231979 323.847778
gray000021 0.529650 348.265808 308.781769 366.485474 351.408478
gray000021 0.012989 76.042145 205.889923 162.204102 328.268341
gray000021 0.005309 334.364197 310.531860 379.011963 348.130127
gray000022 0.542291 303.206635 292.783325 341.732025 314.541687
gray000022 0.011911 290.386108 238.522690 296.020020 247.835526
gray000022 0.005968 309.743286 281.377502 337.226868 321.727966
gray000022 0.003684 288.536072 235.432419 296.118896 243.894669
gray000022 0.001866 281.767670 234.484741 290.263580 242.941040
gray000023 0.893383 309.893005 271.526154 340.432068 295.648529
gray000023 0.002357 316.572784 278.022675 335.735565 290.186310
gray000024 0.950401 293.240112 288.005859 358.891357 333.840088
gray000025 0.002999 322.532349 162.985977 390.223389 207.394760
gray000025 0.001317 217.330109 171.253510 281.800323 226.136871
gray000026 0.991204 103.295532 272.767975 178.395142 318.483551
gray000027 0.709853 196.160156 217.670410 247.246185 279.590485
gray000027 0.005388 172.315125 199.850662 260.010986 301.017273
gray000027 0.001308 245.969864 125.591370 360.633240 212.555298
gray000028 0.741389 193.649811 275.389191 242.116821 359.048309
gray000028 0.004325 296.291718 248.692993 351.643707 287.443970
gray000029 0.890632 287.187622 260.972229 331.773987 296.124756
gray000030 0.966763 94.231506 208.340332 215.612732 327.791016
gray000031 0.937904 156.973495 328.389465 201.298874 351.067261
gray000032 0.520920 152.543915 234.504791 196.186493 275.110809
gray000032 0.121574 172.116821 300.163269 204.923889 320.590454
gray000032 0.004568 162.593643 237.801041 184.044357 271.504913
gray000032 0.001888 170.306229 288.499268 206.990341 333.013794
gray000033 0.194215 204.800751 206.324783 217.276245 218.204208
gray000033 0.020344 86.397537 201.671875 130.016266 223.737213
gray000033 0.010274 264.362793 183.631516 275.054871 198.304550
gray000033 0.001979 265.218933 189.263229 273.949524 202.633408
gray000033 0.001830 262.052551 178.181351 277.038208 201.985062
gray000034 0.991139 121.073235 234.511444 180.803741 290.870026
gray000035 0.702476 132.741394 231.268631 221.472168 311.578125
gray000035 0.013861 248.191360 382.588593 258.226929 393.426056
gray000035 0.001456 244.543884 375.982697 263.407440 399.307281
gray000036 0.931255 134.266068 245.008423 149.077774 256.369507
gray000036 0.054642 285.372009 199.696838 296.801514 208.615326
gray000036 0.022851 277.652954 198.793304 295.698730 210.046051
gray000036 0.001054 276.649933 196.525955 306.117767 212.071304
gray000037 0.959455 146.882858 331.385681 201.000992 386.734558
gray000037 0.030246 318.311401 292.183899 403.216370 374.675293
gray000037 0.001262 329.671600 306.414978 336.782990 312.654175
gray000038 0.948781 309.469299 291.826569 400.996582 377.823090
gray000039 0.244219 94.373497 332.455963 103.215279 340.018890
gray000039 0.003568 69.731544 270.360931 168.054016 390.479279
gray000039 0.001880 106.938042 297.836517 169.532715 356.820404
gray000039 0.001575 137.807739 306.709198 142.702972 311.724701
gray000040 0.802011 138.448532 220.400253 153.610489 252.674881
gray000041 0.728983 158.978775 256.601105 213.823563 304.355133
gray000041 0.001849 58.760830 283.167572 76.701729 289.738007
gray000042 0.403163 129.830063 271.829102 162.829391 296.208252
gray000042 0.008597 138.816177 267.173340 155.083328 293.846924
gray000042 0.001718 140.366501 277.719757 153.336136 291.819305
gray000043 0.684780 172.851288 232.508667 210.452179 291.307739
gray000043 0.001161 147.568527 224.232895 224.611740 314.971985
gray000044 0.739569 176.659592 270.152649 223.048294 313.430481
gray000044 0.027928 184.173721 277.869659 219.157944 303.383148
gray000045 0.988466 90.469299 263.249603 198.564087 356.410919
gray000046 0.003109 61.643616 218.123886 211.699188 338.687744
gray000047 0.344730 255.292511 318.405975 310.417450 370.217499
gray000047 0.318216 127.308464 187.006088 171.241943 210.501389
gray000049 0.951677 162.753723 269.732635 202.802887 317.786407
gray000050 0.910966 58.651897 252.123764 128.309845 291.306152
gray000051 0.968267 330.855255 278.034088 393.868561 342.979401
gray000052 0.565195 117.655525 195.990753 165.839294 232.063904
gray000052 0.009353 131.002716 200.094421 150.810394 227.805389
gray000052 0.001025 136.843643 196.344025 156.603714 232.176758
gray000053 0.260991 196.011337 148.053726 305.526550 250.521835
gray000053 0.013105 213.394943 158.716614 287.304504 218.903442
gray000054 0.890707 125.891815 245.260239 176.168518 289.287354
gray000054 0.008506 105.619156 226.131821 190.207138 301.858215
gray000055 0.958455 152.118652 228.981781 156.458893 233.948608
gray000055 0.077635 152.579453 230.305695 157.387558 235.932434
gray000055 0.015629 149.752930 226.711746 156.053467 233.832016
gray000055 0.001582 147.360748 222.254257 162.140717 239.447678
gray000055 0.001135 150.574585 230.419312 154.721924 236.146881
gray000056 0.796219 66.286545 253.332611 123.433273 287.063385
gray000056 0.001672 89.302269 253.201111 110.061501 283.480225
gray000057 0.940398 248.273468 219.285645 313.496429 254.921875
gray000058 0.687431 167.372040 225.264206 198.017914 278.604340
gray000058 0.002627 155.256912 218.274490 212.890732 284.756256
gray000059 0.993448 126.038742 256.349792 217.680038 348.057800
gray000060 0.755033 104.161644 226.633545 157.368149 280.234741
gray000061 0.703746 213.837006 309.785004 294.912140 368.271027
gray000062 0.544516 106.710831 295.607513 137.683456 318.937958
gray000062 0.006517 115.281296 300.844879 131.334534 314.890228
gray000062 0.001172 96.778038 285.047852 144.961670 322.677002
gray000063 0.718753 318.397400 273.702881 348.960388 301.202637
gray000063 0.023099 335.673798 222.997543 351.073212 232.878372
gray000063 0.001507 326.010651 283.072571 342.318695 297.332886
gray000064 0.995359 332.972778 176.057678 425.952087 259.585785
gray000065 0.644608 146.012573 292.626770 162.314026 304.023499
gray000065 0.002602 142.356400 287.856445 167.108810 304.931946
gray000066 0.227898 214.436462 268.959442 256.815796 314.190338
gray000066 0.050847 210.677704 276.191559 229.937225 306.926422
gray000066 0.026143 225.665329 267.712006 245.588120 303.065521
gray000066 0.010621 295.907623 192.766327 303.583038 202.408417
gray000066 0.004497 206.418091 271.321167 240.507507 303.147156
gray000066 0.004141 214.183472 226.467911 225.966858 235.300674
gray000066 0.003032 217.499603 266.511871 253.114777 293.680206
gray000066 0.001811 209.533066 284.828735 220.570267 302.093384
gray000066 0.001467 215.309097 283.531433 225.894333 301.557068
gray000066 0.001352 103.351624 192.936279 166.939514 234.633972
gray000066 0.001325 234.134903 268.453705 251.365860 300.854340
gray000066 0.001211 247.395279 211.325974 254.527298 218.147751
gray000066 0.001017 202.976257 259.253754 270.095886 328.901398
gray000067 0.843377 206.797348 348.598633 229.467361 370.675415
gray000067 0.003932 1.795681 329.788666 25.403255 387.608185
gray000068 0.324268 22.282654 141.765839 258.261658 294.613739
gray000068 0.144587 35.168846 172.860840 186.290741 259.600189
gray000068 0.135048 110.063759 171.175858 225.461761 290.697479
gray000068 0.001492 50.920536 189.073669 134.359558 236.792358
gray000068 0.001039 1.000000 99.765854 369.545654 367.550903
gray000069 0.938087 117.618729 217.732758 166.313004 268.763275
gray000069 0.001044 131.784348 220.514359 151.234024 266.482056
gray000070 0.975568 351.685669 329.374023 393.997803 349.971558
gray000072 0.906609 138.232819 275.664001 190.574463 325.484314
gray000072 0.042041 154.695816 279.542664 172.966690 319.185547
gray000072 0.038667 146.004181 286.242706 182.248749 313.981659
gray000073 0.382658 214.627151 166.335907 312.160736 211.750366
gray000073 0.024519 317.383911 303.576538 334.321594 313.773682
gray000073 0.016448 313.791992 298.194824 336.338074 318.103394
gray000073 0.003775 216.160706 230.246109 322.032898 326.212189
gray000073 0.002426 203.077209 244.692444 258.384949 287.997986
gray000073 0.002036 326.089508 302.139954 338.322235 312.280518
gray000073 0.001059 355.250763 159.087357 370.354340 185.377426
gray000075 0.810320 281.892944 279.184479 368.023315 370.554657
gray000075 0.015627 306.381592 292.782471 348.849670 363.355835
gray000076 0.812733 178.003967 104.373718 298.985199 273.289398
gray000078 0.966407 313.269989 226.895111 398.818451 319.059784
gray000078 0.002286 338.990265 230.027039 377.625275 313.480591
gray000079 0.611610 123.107002 117.958214 378.647736 301.907867
gray000080 0.837222 345.849640 242.914856 380.553558 343.094971
gray000081 0.994232 138.856201 259.421844 196.848297 326.206207
gray000082 0.302526 271.590393 280.752472 301.937439 308.947968
gray000082 0.058984 152.163391 240.290222 161.351746 249.978363
gray000082 0.007175 151.363739 233.300964 160.701508 244.856110
gray000082 0.004928 149.699051 235.700394 162.030685 254.489853
gray000082 0.002807 141.129578 234.269241 158.675751 243.244553
gray000082 0.002753 283.149475 285.226898 298.049072 311.256317
gray000082 0.002697 144.108932 239.090408 157.290817 249.291122
gray000082 0.001906 152.566742 247.796021 161.003937 256.437744
gray000082 0.001343 147.684021 226.237137 163.527893 250.482437
gray000082 0.001163 135.547256 231.615707 163.016495 245.470963
gray000082 0.001066 279.969299 291.405212 292.406982 307.128235
gray000083 0.503541 124.568451 329.707520 171.890808 379.714966
gray000084 0.691849 138.259735 219.760651 153.535095 254.932373
gray000085 0.993448 126.038742 256.349792 217.680038 348.057800
gray000086 0.993802 138.329453 233.285980 191.938095 287.871002
gray000087 0.998476 250.888687 138.842407 358.423798 234.555786
gray000088 0.939594 316.498352 204.716644 378.283630 273.897583
gray000089 0.667893 109.853226 256.884399 165.248520 316.416016
gray000089 0.004016 99.287682 244.352722 176.231567 346.327820
gray000090 0.580446 204.106674 222.237778 296.815582 318.870819
gray000090 0.003038 276.466370 193.243103 310.188416 214.467560
gray000090 0.002048 223.845200 234.972687 229.219864 239.252228
gray000090 0.001180 197.803986 206.245270 238.607849 257.085541
gray000091 0.962228 152.244537 133.716309 313.093628 293.236084
gray000092 0.261592 110.741127 292.720551 144.405792 322.039398
gray000093 0.466079 294.443298 214.272781 325.764648 272.309906
gray000093 0.022448 299.330566 223.283463 318.712524 264.027832
gray000093 0.009030 293.293884 223.096283 310.366089 265.480865
gray000093 0.005743 255.832794 193.314514 341.796783 282.471680
gray000093 0.003302 306.583221 217.665512 325.364471 260.411560
gray000093 0.002110 283.239838 228.971436 322.574493 260.340546
gray000093 0.001181 316.085358 221.315765 331.702301 255.859558
gray000095 0.756460 142.155960 250.622513 182.076279 289.893433
gray000095 0.003142 149.187790 251.415817 169.336411 285.926117
gray000096 0.713166 369.305145 250.245438 411.610748 292.040741
gray000096 0.006092 379.749512 254.469406 401.541931 286.958466
gray000097 0.746029 384.181122 308.652771 427.376251 351.534607
gray000097 0.009821 394.154968 315.913208 416.797913 346.583862
gray000098 0.822247 185.873886 250.551804 247.267746 341.421967
gray000098 0.002310 198.474976 256.533752 238.293610 317.357056
gray000099 0.689786 59.128815 232.739563 127.586105 292.679443
gray000099 0.004793 186.958221 191.453857 193.070282 199.355652
