gray000000 0.465306 199.708466 284.605103 278.427277 368.195251
gray000000 0.038331 177.092270 257.419800 305.602234 371.404663
gray000000 0.027416 220.595825 296.208740 266.634216 353.738159
gray000000 0.021951 323.650818 219.467819 344.310303 239.666061
gray000000 0.015575 149.971863 179.039642 348.168945 350.730194
gray000000 0.004983 315.125183 217.640030 353.061523 249.872025
gray000000 0.003506 271.093933 163.455460 284.323486 185.318710
gray000000 0.002543 195.484390 275.516785 278.256561 327.574768
gray000000 0.001472 199.761063 180.481323 257.556091 261.811157
gray000000 0.001161 202.206436 233.885254 292.824249 328.601379
gray000000 0.001113 159.775101 157.780853 279.584717 307.297729
gray000001 0.862309 380.094025 254.001343 415.401581 295.519592
gray000002 0.977148 134.440308 331.932983 193.856110 387.293823
gray000002 0.001418 148.609924 340.849976 181.021484 376.840149
gray000002 0.001124 105.891891 312.250061 231.173996 410.098022
gray000003 0.799964 267.788788 278.617218 306.757904 306.576385
gray000003 0.001686 261.039429 262.102417 311.603577 313.759338
gray000004 0.648310 125.193626 301.400177 168.883057 337.763641
gray000004 0.108159 99.622711 210.202240 107.712372 219.838989
gray000004 0.029640 114.943375 286.583771 176.382004 346.351044
gray000004 0.028930 132.243683 312.366669 162.698242 334.040192
gray000004 0.009044 99.442734 213.607681 106.954666 222.975662
gray000004 0.004385 99.714180 207.488724 113.851997 221.068649
gray000004 0.004172 118.549057 299.753784 149.194962 335.519287
gray000004 0.003518 101.930534 213.421707 111.588112 222.076859
gray000004 0.002291 142.467407 359.690338 154.993011 373.089142
gray000005 0.257194 200.048355 286.949524 209.636795 299.897522
gray000005 0.007887 368.270966 259.945923 373.557159 265.500610
gray000005 0.005698 364.283447 259.133972 369.877380 265.856140
gray000006 0.719416 315.141388 276.528839 339.891510 292.941437
gray000006 0.073467 71.928543 165.658340 412.852173 442.631714
gray000006 0.038203 314.791504 264.723755 342.808289 303.595520
gray000006 0.008454 165.999390 209.859711 379.578125 393.556244
gray000006 0.002271 204.860336 278.250671 219.140793 293.966736
gray000006 0.001477 275.541992 234.427582 394.231384 367.740631
gray000007 0.845608 151.883347 261.335297 211.595993 320.111725
gray000007 0.002388 212.394501 260.718170 280.355621 341.166046
gray000008 0.242374 317.335846 245.354538 369.074127 306.834015
gray000008 0.001344 279.668793 215.333389 401.251190 327.818024
gray000008 0.001114 291.256683 252.209625 337.499725 303.802887
gray000009 0.665999 380.172333 260.037628 414.751129 282.757782
gray000009 0.009241 372.850952 250.469955 419.550842 299.284546
gray000009 0.001215 372.580658 267.255432 392.527130 287.334351
gray000010 0.018406 359.837616 176.856216 404.306793 213.374130
gray000010 0.012795 221.502777 65.400658 231.504089 71.316261
gray000010 0.003171 379.034149 172.094696 396.407318 191.072510
gray000010 0.002592 371.275421 175.272873 394.583588 204.613052
gray000010 0.002402 321.441254 295.702148 330.637543 319.116638
gray000010 0.002148 442.080139 175.425415 479.881592 226.911987
gray000010 0.001600 142.806641 281.156097 190.686523 341.076691
gray000010 0.001443 144.785675 267.197876 227.074463 355.006653
gray000010 0.001405 293.159424 276.592712 335.381897 321.510010
gray000010 0.001094 321.221436 311.153656 329.310852 323.220795
gray000010 0.001034 95.562912 214.089035 105.894852 223.649490
gray000011 0.685213 130.436157 230.447128 157.162445 259.275146
gray000011 0.003591 123.301529 220.617874 162.751816 270.415192
gray000012 0.808944 77.120316 242.533295 197.846451 351.800323
gray000012 0.003822 99.913467 261.052551 181.599136 326.394348
gray000012 0.002141 2.349228 195.705399 277.216248 406.554626
gray000013 0.986352 136.216721 334.998322 193.391037 389.658600
gray000013 0.001237 145.422729 350.107483 185.031342 376.738586
gray000013 0.001030 107.996498 310.821716 227.843475 413.386841
gray000014 0.542097 187.906296 235.456573 208.654160 249.894379
gray000014 0.003412 185.949051 228.168686 212.754623 258.707916
gray000014 0.002302 225.253220 240.923843 237.101913 250.700394
gray000015 0.921269 332.896027 290.321411 367.645966 333.696045
gray000015 0.391590 336.881287 207.619843 403.934204 275.390259
gray000015 0.020251 137.753448 209.311157 148.736847 230.794128
gray000015 0.017490 338.571594 202.824829 357.232056 225.063812
gray000015 0.009324 319.542023 279.992371 374.964203 343.199951
gray000015 0.002650 314.686768 187.865799 425.140747 296.142242
gray000015 0.002540 337.317932 198.484619 382.126831 243.362122
gray000015 0.001147 341.587463 201.471024 354.021606 214.216660
gray000016 0.964112 98.836678 241.186890 191.175049 352.874329
gray000016 0.008337 122.302086 256.665222 173.574493 328.704590
gray000017 0.572866 216.302216 295.132172 278.107819 350.731049
gray000017 0.008150 205.379349 272.508453 312.718445 361.852448
gray000017 0.002477 208.788300 289.378174 251.553314 343.165588
gray000017 0.002422 233.520645 298.639374 257.218628 337.743744
gray000017 0.002196 257.509399 300.761322 312.148376 346.337982
gray000017 0.001452 241.580048 303.800598 261.841278 344.733276
gray000018 0.880293 110.605797 286.682800 142.416916 330.650635
gray000018 0.002227 113.003227 304.649445 139.653107 323.695953
gray000018 0.001437 98.947769 281.631622 166.695206 333.385101
gray000019 0.004332 61.557877 169.948059 212.797714 327.086395
gray000019 0.002425 326.858612 66.739792 428.779083 148.045258
gray000020 0.955161 119.402138 258.061218 181.351105 329.147278
gray000020 0.010999 91.888336 242.248871 207.853638 347.549225
gray000021 0.883198 343.733765 311.037933 371.160767 349.163483
gray000022 0.675666 304.665680 287.743103 341.989777 325.026794
gray000023 0.949280 311.052917 273.035370 335.104675 297.313263
gray000023 0.001107 306.301239 259.878876 342.739288 309.615204
gray000024 0.814936 278.884827 267.273865 378.855103 356.752991
gray000024 0.007864 300.710266 277.286804 346.919922 338.482727
gray000025 0.020106 180.522858 335.339050 187.063263 342.309204
gray000025 0.001822 178.731567 331.970276 184.932373 340.976624
gray000026 0.947685 103.474579 263.780121 176.909943 323.992096
gray000026 0.048681 411.884460 305.001587 426.497620 317.025574
gray000026 0.002200 81.834076 246.281052 201.193573 346.887634
gray000026 0.002145 105.848961 13.348145 329.408630 161.734253
gray000026 0.001172 406.084106 299.532349 425.588318 320.397339
gray000027 0.880943 193.775421 212.577072 251.270294 280.688507
gray000027 0.002441 167.338898 193.422852 290.288879 299.726044
gray000028 0.942315 182.374710 261.338745 254.181534 365.982971
gray000028 0.017282 205.606033 266.271088 235.574753 364.392181
gray000029 0.979319 289.188934 258.763245 329.775604 304.703430
gray000029 0.016250 345.793518 337.047119 410.067566 424.686157
gray000029 0.001985 133.949844 345.787933 179.105728 402.610199
gray000029 0.001893 300.402893 267.952393 328.494263 297.307068
gray000029 0.001201 290.402740 265.494263 317.368805 292.425171
gray000030 0.927215 104.342751 209.125992 203.603638 330.216888
gray000030 0.005743 125.806587 233.765121 187.851044 304.895142
gray000031 0.942958 160.535782 326.734741 200.393661 358.441711
gray000031 0.001526 161.159760 328.289764 169.922668 356.440948
gray000032 0.905250 153.561295 238.038391 193.560623 271.808777
gray000032 0.004954 146.628769 231.092178 203.732559 286.657593
gray000033 0.004166 321.521240 91.158844 411.531128 187.913849
gray000033 0.003834 261.647522 183.768173 276.611938 198.689682
gray000033 0.003805 297.398346 77.023514 385.033295 164.800797
gray000033 0.001726 259.279663 178.651642 292.108948 216.645630
gray000033 0.001539 380.822510 99.731369 437.472229 174.610184
gray000033 0.001524 248.447830 169.012772 310.763428 234.116837
gray000033 0.001500 346.105774 63.354019 457.682068 172.320938
gray000033 0.001313 132.604782 62.550701 227.441208 162.457565
gray000033 0.001284 163.967102 276.961151 315.514343 452.698334
gray000033 0.001164 386.404816 128.412552 427.719269 176.891922
gray000033 0.001023 257.304443 178.884628 281.871460 203.518997
gray000034 0.855700 124.668648 229.283417 180.397507 291.047760
gray000034 0.002777 91.098022 212.426620 208.536133 313.069763
gray000034 0.001887 142.343170 245.913284 170.189392 276.552460
gray000035 0.926635 139.976105 228.240295 227.247223 318.182739
gray000035 0.014903 152.999603 239.416656 192.810455 300.260040
gray000036 0.900478 134.301743 244.284149 149.955887 257.236023
gray000036 0.047790 128.816559 236.996292 152.258026 263.757172
gray000037 0.925650 142.701782 325.084106 205.354736 390.700073
gray000037 0.003210 116.620438 310.759460 234.600571 405.876892
gray000038 0.900052 320.558838 292.224701 395.679871 382.415009
gray000039 0.004679 86.665916 209.272217 193.142090 343.422729
gray000039 0.004050 69.217255 191.913116 144.891800 245.872345
gray000039 0.001591 65.590820 189.112259 163.478577 287.385651
gray000039 0.001033 162.385712 313.484100 170.821930 322.585052
gray000039 0.001025 199.387787 293.891907 229.400421 320.998230
gray000040 0.804231 134.424606 223.620331 158.356522 250.858032
gray000040 0.005940 242.573380 166.544220 253.774765 177.665741
gray000040 0.002983 129.112656 211.078568 164.694016 263.191162
gray000041 0.838795 157.232849 246.911377 223.655640 312.104492
gray000041 0.006305 385.275421 277.243958 403.868439 304.617188
gray000041 0.001550 128.466583 225.561661 265.586334 333.597107
gray000042 0.738075 127.194260 270.512634 160.024826 300.478760
gray000043 0.835446 167.868942 230.923584 222.791031 293.188782
gray000043 0.002595 183.614975 243.289627 207.222275 280.911896
gray000043 0.001988 137.593140 213.058365 261.144135 319.324036
gray000044 0.945022 181.270920 269.565399 216.749191 316.452179
gray000044 0.003001 188.605042 274.770233 216.780762 301.283295
gray000044 0.002191 233.577301 270.147369 287.884796 347.072052
gray000045 0.922337 108.055191 254.825806 191.880478 351.824402
gray000045 0.073453 243.090866 207.169373 253.794266 221.881470
gray000046 0.171629 76.788879 254.533173 156.276657 337.418671
gray000046 0.030856 76.697067 210.334686 194.096542 342.772308
gray000046 0.011351 98.209824 273.515656 150.555054 327.367645
gray000046 0.006564 70.146233 140.177841 232.920197 325.449341
gray000046 0.006245 79.088272 237.866180 123.000809 316.430573
gray000046 0.004815 78.363037 234.457184 111.420410 286.801910
gray000046 0.003870 88.592850 263.918365 129.183945 322.554901
gray000046 0.003102 240.964584 193.140900 253.622879 207.770966
gray000046 0.002688 85.390884 234.148346 104.851685 270.891113
gray000046 0.002361 161.287918 156.165192 182.549545 192.818573
gray000046 0.002122 68.716568 210.010956 138.769623 324.088837
gray000047 0.755198 253.534088 305.293640 311.412384 373.609924
gray000047 0.009534 215.471283 285.434326 346.679657 387.795105
gray000049 0.983099 165.531189 269.351196 205.574524 320.077454
gray000049 0.030357 169.608780 277.481537 197.187424 310.581573
gray000050 0.941129 61.761276 246.791855 121.865646 293.422455
gray000050 0.011482 76.690575 255.287155 108.953484 283.410248
gray000050 0.006165 428.307465 338.392700 443.276093 345.921082
gray000050 0.001996 424.045044 339.285767 438.753967 347.353821
gray000050 0.001411 416.504608 192.516891 423.235992 199.392502
gray000051 0.976501 331.320831 276.326508 385.869232 342.546234
gray000051 0.001167 346.976196 284.450226 366.830261 335.011932
gray000052 0.905841 120.605652 190.611511 163.709015 239.463745
gray000052 0.056819 125.282593 200.404068 159.460785 227.244278
gray000052 0.022647 168.747803 191.967407 207.356262 220.044128
gray000052 0.001187 157.142838 182.968124 216.061386 242.499924
gray000053 0.836751 197.861481 125.604858 303.255615 251.202271
gray000053 0.012789 217.738983 139.684708 274.570099 237.801132
gray000054 0.767602 127.243088 235.121399 175.904099 289.940491
gray000054 0.013343 142.812912 257.080292 169.952682 282.185211
gray000054 0.009801 104.424026 210.709579 181.894638 295.749725
gray000054 0.002528 137.418884 247.947449 163.638397 276.697449
gray000055 0.576615 152.214966 229.868103 156.967804 235.810852
gray000055 0.077935 148.600800 230.467560 156.083130 237.359100
gray000055 0.010237 149.534851 228.695175 159.810150 239.627396
gray000055 0.001662 147.487793 225.070343 157.070465 238.368408
gray000056 0.880907 68.509750 244.045380 117.131302 290.480133
gray000056 0.011200 76.349358 255.146271 109.632973 280.169647
gray000056 0.003134 62.076088 232.734039 137.645111 307.867828
gray000056 0.002912 314.789673 289.263855 339.859863 311.967529
gray000056 0.001705 435.538513 231.632782 442.504028 237.976776
gray000056 0.001278 434.059875 226.206924 441.386414 235.258163
gray000057 0.958931 247.864670 212.551025 312.756256 258.176025
gray000057 0.001526 258.416138 221.458115 297.964844 249.999710
gray000058 0.951575 161.418777 225.786880 202.707809 277.046173
gray000058 0.018350 168.465424 238.080643 195.114563 266.513641
gray000059 0.863454 143.705673 265.889648 210.110458 340.682373
gray000059 0.004144 117.049950 247.946960 235.233948 356.886536
gray000060 0.916224 101.145981 224.959152 161.661423 280.424438
gray000060 0.003479 378.874084 228.038727 432.937317 292.979279
gray000060 0.002074 71.677910 195.845398 195.820465 303.747009
gray000061 0.840865 224.727631 301.383392 295.642975 381.554596
gray000061 0.096905 237.544418 314.034729 282.037384 369.055481
gray000061 0.043926 197.079391 282.993561 326.665710 394.713104
gray000062 0.786414 106.869835 294.524536 138.294800 320.578613
gray000062 0.003086 102.479095 284.201202 143.023483 332.527435
gray000062 0.001383 383.774139 59.827038 410.663971 93.238983
gray000062 0.001062 310.586151 115.936722 371.982880 143.443741
gray000063 0.668162 317.495392 272.215881 351.217926 303.278015
gray000063 0.010156 339.120728 218.335342 349.799988 236.204147
gray000063 0.007951 315.035309 264.775513 361.050201 316.908752
gray000064 0.882881 339.763763 164.232178 436.614166 264.218903
gray000064 0.003891 345.115723 178.277740 403.424561 246.030518
gray000065 0.754046 146.600021 289.392548 163.554489 302.684052
gray000065 0.002509 506.961975 198.987137 512.000000 228.818710
gray000065 0.001062 141.694473 282.489807 169.181992 312.857117
gray000066 0.056246 227.134872 289.483246 272.091339 330.756195
gray000066 0.048987 203.928848 268.283142 257.908539 320.281067
gray000066 0.033113 204.543381 278.179810 235.602524 306.479004
gray000066 0.005204 236.856323 295.669159 268.066010 319.526093
gray000066 0.002257 196.246506 274.459991 272.498962 344.109161
gray000066 0.001132 213.216324 271.260254 243.463272 300.259583
gray000066 0.001100 235.561798 275.050507 285.441864 321.787994
gray000067 0.763453 207.609680 351.487915 229.767700 368.862976
gray000067 0.001938 137.136276 1.000000 159.674515 8.402371
gray000067 0.001776 321.142426 380.682983 327.584564 385.760803
gray000067 0.001455 345.011597 187.561554 461.202881 288.758942
gray000068 0.478771 51.628944 176.903900 129.535339 247.279816
gray000068 0.351304 79.368294 170.522003 220.067474 293.441437
gray000068 0.009326 26.582787 129.923798 262.236359 344.372009
gray000068 0.002382 23.707352 156.328018 154.429749 264.945862
gray000068 0.001496 417.663330 335.234802 496.987244 419.920105
gray000069 0.923587 125.475189 218.549942 160.750946 271.857544
gray000069 0.004571 134.958832 226.253937 156.940704 264.029175
gray000070 0.905268 356.892242 329.419434 391.183441 352.691956
gray000070 0.008014 352.610962 317.572723 395.952393 364.866608
gray000071 0.001733 173.947723 357.882324 200.540466 374.038147
gray000071 0.001520 164.713730 343.523193 208.833878 376.951965
gray000071 0.001124 320.362793 242.114059 329.904724 250.621231
gray000072 0.949196 144.807114 278.214813 185.231888 323.285126
gray000072 0.003989 147.134338 285.677063 173.227295 316.738708
gray000073 0.706914 216.403015 132.849182 311.294617 242.495178
gray000073 0.131425 218.423813 251.822784 320.554871 346.661469
gray000073 0.014803 247.187622 276.949005 310.945618 340.761871
gray000073 0.010002 189.289093 238.215973 277.951447 323.161407
gray000073 0.007632 198.405243 214.012939 360.370819 352.597839
gray000073 0.004658 199.140106 118.351089 352.269196 274.529907
gray000073 0.002790 262.392029 171.241135 396.397217 294.186493
gray000073 0.002277 204.641052 252.649597 265.853119 300.682800
gray000073 0.001117 172.769791 254.434357 297.380219 366.580475
gray000075 0.974388 302.830383 288.286530 358.327087 367.872345
gray000075 0.003347 278.903351 272.259979 383.006683 384.757599
gray000075 0.002621 277.614136 503.905487 338.353271 512.000000
gray000075 0.001248 173.099792 502.534637 235.225922 512.000000
gray000076 0.758253 167.442657 110.702278 325.041077 266.001038
gray000076 0.004182 194.896118 122.855835 278.319153 249.039978
gray000076 0.002146 127.182922 95.465782 406.234985 304.370514
gray000077 0.005406 216.554184 171.694504 231.805283 192.356491
gray000077 0.004499 252.640625 174.556503 259.193604 184.194717
gray000077 0.001361 215.805328 212.444427 228.593384 227.814270
gray000078 0.927325 323.957001 233.464539 394.778961 307.376770
gray000078 0.007416 303.587280 211.957291 420.519592 329.390015
gray000079 0.637144 146.755035 93.002968 400.662323 322.424896
gray000079 0.001475 188.489349 149.276779 341.135101 284.234070
gray000080 0.902564 334.232239 254.574646 392.174561 330.967773
gray000080 0.003325 312.621521 240.833206 417.671997 347.500153
gray000081 0.977943 137.371765 261.964905 198.182861 323.364685
gray000082 0.679347 269.533264 280.716339 298.519043 314.804657
gray000082 0.045050 356.191162 300.374329 395.074036 325.056519
gray000082 0.007447 403.651184 263.945831 411.371094 271.490143
gray000083 0.917037 124.605782 328.034729 171.820557 381.631042
gray000083 0.002305 134.441254 339.297028 162.424591 372.551056
gray000084 0.858130 134.376907 222.045410 159.087845 251.642914
gray000084 0.006733 242.414642 167.384506 254.042267 178.143265
gray000084 0.003655 129.554886 210.966064 165.019638 262.812164
gray000085 0.863454 143.705673 265.889648 210.110458 340.682373
gray000085 0.004144 117.049950 247.946960 235.233948 356.886536
gray000086 0.949549 142.027649 232.666061 192.267151 290.574341
gray000086 0.005658 151.698914 245.626511 181.170746 276.560150
gray000087 0.897331 252.992889 128.046524 368.147003 248.483078
gray000087 0.035018 157.308472 108.995758 311.153595 233.880676
gray000087 0.018195 268.833618 159.290115 349.071655 221.520004
gray000087 0.004840 111.635124 3.463114 136.963806 55.549568
gray000087 0.004198 210.274811 131.718140 265.314087 213.323730
gray000087 0.003766 104.837143 1.000000 144.571579 67.722229
gray000087 0.002204 302.378906 309.662354 310.058960 320.944885
gray000087 0.001379 201.807953 239.694214 212.296661 254.879303
gray000087 0.001208 124.889069 116.769417 360.424896 282.185852
gray000088 0.895510 313.199615 206.996796 384.531769 281.919220
gray000088 0.077149 290.272522 185.394165 405.790894 300.134369
gray000089 0.747946 111.051025 261.673035 168.632263 311.083191
gray000089 0.003768 128.104248 270.132324 154.557953 300.938171
gray000090 0.445889 195.110352 201.536865 302.803650 346.157959
gray000090 0.028468 148.963745 168.527313 325.077301 368.415375
gray000090 0.018695 170.553177 210.146484 180.444046 218.139801
gray000090 0.006586 227.745712 207.550446 364.152344 340.859467
gray000090 0.002391 232.239670 223.832916 288.295715 313.301300
gray000091 0.510694 169.871033 121.259552 305.780029 299.539429
gray000091 0.090325 169.435364 178.601746 257.428650 299.426666
gray000091 0.066246 175.975296 227.680710 231.341782 293.299438
gray000091 0.009716 165.832458 147.837662 211.335541 193.854263
gray000091 0.007307 225.282867 148.625595 280.595123 245.246933
gray000091 0.005058 159.105804 133.008453 272.441254 239.824432
gray000091 0.002815 152.798492 136.943695 225.054565 205.015045
gray000092 0.880293 110.605797 286.682800 142.416916 330.650635
gray000092 0.002227 113.003227 304.649445 139.653107 323.695953
gray000092 0.001437 98.947769 281.631622 166.695206 333.385101
gray000093 0.625308 269.315430 210.457809 338.819214 277.462128
gray000093 0.017166 128.104706 75.455719 371.286438 326.153046
gray000093 0.004183 241.752441 188.931854 364.631836 292.277618
gray000094 0.351374 330.001953 260.464539 367.261536 311.337402
gray000094 0.014377 338.076233 269.846527 361.916199 301.370026
gray000094 0.002863 320.430328 248.056168 395.047882 316.569458
gray000095 0.920944 143.225861 250.281601 182.471222 289.794067
gray000095 0.002052 209.319946 270.677887 217.574310 279.245880
gray000096 0.911399 375.599274 252.763290 410.100372 289.491455
gray000096 0.005089 358.676361 246.050293 430.540985 295.760559
gray000097 0.956764 389.318665 311.207306 421.580078 353.891449
gray000097 0.001251 390.235291 319.289764 409.146790 347.089569
gray000097 0.001202 391.377808 330.098999 420.042236 345.387024
gray000098 0.684989 180.353973 256.847778 252.824249 346.536804
gray000098 0.050650 192.280365 259.309570 248.320282 310.820190
gray000098 0.005960 268.352661 199.103333 344.257080 293.268860
gray000098 0.005544 173.588089 211.621735 291.464691 354.442108
gray000098 0.001394 202.392807 261.009918 238.261703 355.754120
gray000098 0.001376 186.507385 296.742462 246.725769 351.745087
gray000099 0.596174 64.955215 240.968582 117.252106 292.797272
gray000099 0.254678 440.492584 231.664078 452.228241 247.790298
gray000099 0.008770 444.079193 236.105957 455.016083 248.887695
gray000099 0.006068 88.859528 250.371460 125.449219 287.771545
gray000099 0.003173 76.402351 253.807892 109.970924 282.161469
gray000099 0.002581 72.759262 246.611023 97.822800 279.022949
gray000099 0.001990 33.546841 221.903564 124.387344 309.355896
