gray000000 0.021727 200.612793 270.561005 274.923828 341.356476
gray000000 0.005017 366.994476 269.250916 424.589874 319.209656
gray000000 0.002560 254.938248 262.574829 303.454498 303.374878
gray000000 0.001747 219.948090 289.813202 311.863739 333.626007
gray000001 0.438001 381.501129 261.028351 417.582367 288.307953
gray000001 0.002189 351.804260 320.650940 363.174988 328.718506
gray000002 0.729965 129.690994 337.424103 197.329269 384.753815
gray000002 0.006610 137.265671 349.729645 180.971909 378.736725
gray000003 0.705972 270.845795 281.004486 304.093109 303.534515
gray000003 0.026512 270.390839 265.727478 313.061371 305.995850
gray000004 0.421543 132.188446 312.341278 162.523712 333.413849
gray000004 0.032670 119.325745 302.461060 188.928375 344.039001
gray000004 0.015187 137.657074 306.371216 158.024780 328.954163
gray000004 0.014980 132.031677 317.503906 152.946289 327.478088
gray000004 0.013162 119.082901 300.727264 163.627762 322.226044
gray000004 0.011939 136.015320 312.200439 159.176605 322.908142
gray000004 0.009869 105.084099 303.732483 116.020973 314.074646
gray000004 0.003467 92.939583 292.272095 125.350121 310.064026
gray000004 0.003027 104.004005 296.962219 115.685188 309.852539
gray000004 0.001698 120.420166 227.198120 222.071228 399.304077
gray000004 0.001562 145.065964 297.862885 214.925278 354.337494
gray000004 0.001190 408.447205 465.017792 509.788269 509.127289
gray000004 0.001188 178.499725 178.211182 217.123291 198.998566
gray000004 0.001135 100.219681 299.654663 135.764175 317.961731
gray000005 0.688505 198.065201 287.257294 209.488663 298.235016
gray000005 0.094493 259.048309 239.838638 337.205292 284.939941
gray000005 0.088310 196.043045 284.526489 213.463486 301.918396
gray000005 0.026690 147.867920 263.038452 198.845520 302.106018
gray000005 0.019917 152.381287 294.590668 191.982117 324.054779
gray000005 0.017682 164.378296 291.993713 181.192017 325.897034
gray000005 0.010811 145.454193 264.841492 172.026215 289.633301
gray000005 0.010511 199.539627 281.850220 209.826218 294.869629
gray000005 0.010409 158.064117 288.230560 171.808777 297.269257
gray000005 0.009634 156.923462 290.629181 187.153687 311.884369
gray000005 0.007567 164.326874 294.350189 180.626984 305.847626
gray000005 0.006872 164.212280 289.399536 180.428040 297.537476
gray000005 0.006303 151.076080 282.699615 179.407776 303.740753
gray000005 0.006148 157.007797 269.221924 187.451248 316.986816
gray000005 0.005046 157.723648 294.040894 172.837326 304.376160
gray000005 0.004330 216.668640 221.644028 254.141846 237.505875
gray000005 0.004117 174.526581 290.127106 186.406219 297.771637
gray000005 0.003937 174.147369 295.954529 186.803802 304.611633
gray000005 0.003665 172.552017 293.598236 187.057358 325.593353
gray000005 0.003628 150.332825 288.166534 165.168884 295.501556
gray000005 0.003494 198.412491 292.195343 209.106674 303.099396
gray000005 0.002808 146.823074 271.571564 166.585861 296.929169
gray000005 0.002779 268.361206 208.759048 326.871155 260.117096
gray000005 0.002703 162.585419 303.187317 196.974091 327.734253
gray000005 0.002677 279.273895 240.110962 322.659698 266.108459
gray000005 0.002628 193.957123 289.666321 206.257782 297.278564
gray000005 0.002506 219.168945 224.645142 239.474396 233.172180
gray000005 0.002310 184.178940 296.778412 193.471909 303.080719
gray000005 0.002293 182.376831 253.933334 215.991150 306.134277
gray000005 0.002277 146.906296 257.971100 182.128189 282.059784
gray000005 0.002133 149.559540 279.670013 164.646484 289.818329
gray000005 0.001676 219.225754 283.936737 257.914642 301.230377
gray000005 0.001489 215.034119 231.248337 227.115906 240.909805
gray000005 0.001481 165.222961 283.977661 194.854858 303.853882
gray000005 0.001439 207.243729 224.613495 252.396896 247.125000
gray000005 0.001390 156.685211 269.636658 171.110718 282.143250
gray000005 0.001297 166.441895 301.199371 178.935425 316.573334
gray000005 0.001277 343.679688 265.377197 356.169067 273.568298
gray000005 0.001264 154.682983 302.106506 177.319427 328.776611
gray000005 0.001230 209.152039 212.723221 251.477722 228.966080
gray000005 0.001216 192.217957 294.048737 200.673492 301.678864
gray000005 0.001042 191.832718 238.312317 233.666855 252.167267
gray000005 0.001041 282.221832 252.481644 342.881439 299.670959
gray000005 0.001024 149.649612 262.660828 166.273758 275.204712
gray000005 0.001015 227.802734 225.183090 245.375427 232.724014
gray000005 0.001007 185.788223 245.935654 245.750198 288.998199
gray000006 0.358257 320.506378 275.982849 340.847198 288.138000
gray000006 0.011308 319.521484 268.715393 337.107788 292.013245
gray000006 0.004740 205.937790 280.167786 218.205856 290.427368
gray000006 0.004544 360.011200 279.520081 367.931854 288.257690
gray000006 0.004252 352.379730 286.329773 360.026337 294.845459
gray000006 0.003815 351.688263 280.593506 362.827118 288.205872
gray000006 0.003013 360.185303 273.812469 366.718506 279.777924
gray000006 0.001967 361.935120 268.011200 365.918945 273.121063
gray000006 0.001468 202.664215 274.844086 221.093201 296.343414
gray000007 0.890154 151.342819 270.445557 216.429642 316.814758
gray000007 0.011082 166.620041 278.826691 209.401138 307.153290
gray000008 0.265416 320.825745 258.105957 373.302673 308.196838
gray000008 0.029411 324.712494 271.054535 361.299042 298.285858
gray000008 0.011304 342.240936 232.281296 355.404633 244.167007
gray000008 0.006878 301.755249 304.489410 331.174805 325.651031
gray000008 0.003403 338.734863 229.172348 358.785828 246.724899
gray000008 0.002389 328.084900 260.183044 367.821594 283.657898
gray000008 0.001497 330.984711 275.106781 352.792145 307.206512
gray000009 0.569051 380.988617 263.388855 415.039459 285.426880
gray000009 0.020709 338.949951 294.297943 413.069519 334.311432
gray000009 0.004388 341.642426 304.823242 374.858429 328.721802
gray000009 0.002861 394.031647 260.407288 410.637421 288.110474
gray000010 0.014603 166.788452 271.767365 251.163300 342.704865
gray000010 0.006122 426.170288 265.972778 457.344727 332.066650
gray000010 0.002652 280.152618 279.753448 384.188507 343.044098
gray000010 0.002180 363.963074 353.793304 370.483887 360.292633
gray000010 0.002163 366.765686 352.476379 375.176575 360.661560
gray000010 0.002108 154.875031 302.191162 247.111908 369.293884
gray000010 0.002077 436.457520 273.192139 452.516357 313.503296
gray000010 0.001647 457.512238 145.540161 494.845184 252.118042
gray000010 0.001287 344.854218 194.626495 448.582611 289.573212
gray000010 0.001061 429.429321 278.554688 459.570862 308.161316
gray000010 0.001016 441.235077 291.342743 503.334869 331.029510
gray000011 0.661214 131.210434 231.357925 162.250534 256.570404
gray000011 0.001638 143.202866 274.305603 173.421036 291.642151
gray000011 0.001417 135.419769 237.045197 157.711029 251.696381
gray000011 0.001296 118.952087 219.659119 164.229614 254.987762
gray000012 0.568005 69.184288 263.017273 196.406708 333.865601
gray000012 0.001972 27.208008 234.230820 219.422455 369.837341
gray000013 0.673662 133.472870 333.479340 199.677856 395.180084
gray000013 0.010250 202.234207 301.240479 256.984711 329.188660
gray000013 0.001683 141.766693 350.551941 189.926270 378.968689
gray000014 0.143418 188.655685 234.299301 210.885086 249.753830
gray000014 0.002383 352.836578 249.283676 363.792023 255.607346
gray000014 0.001218 360.520782 249.550598 369.606232 253.567596
gray000015 0.569848 326.298370 288.820251 372.929108 331.451050
gray000015 0.103377 339.699585 293.510559 360.463562 327.082886
gray000015 0.005414 180.809860 346.751831 214.258102 368.363953
gray000015 0.004471 336.040955 191.168411 413.411438 245.943375
gray000015 0.002734 106.324081 273.161499 166.159561 330.920654
gray000016 0.393060 86.403214 239.080658 190.630966 352.789459
gray000017 0.325935 233.948715 290.834717 267.815948 357.648987
gray000017 0.079450 223.922531 285.705841 254.385574 348.467682
gray000017 0.010695 279.048401 294.374878 307.458496 335.234863
gray000017 0.009617 261.925415 296.101257 298.457275 336.998230
gray000017 0.004927 245.736130 290.782013 278.367401 345.771698
gray000017 0.001080 239.558716 264.545624 290.954956 346.091949
gray000018 0.210918 111.512794 288.833466 155.354462 330.759003
gray000018 0.151798 115.776939 289.590027 147.306488 315.417236
gray000018 0.071160 122.690895 285.663208 139.185089 319.799744
gray000018 0.002846 122.401268 295.152893 139.933075 309.061279
gray000018 0.002488 148.767960 272.730743 182.034988 295.380280
gray000018 0.001898 342.401245 328.580353 358.520264 339.401459
gray000018 0.001797 123.685120 300.108429 139.607452 315.580170
gray000018 0.001534 117.695023 279.833984 135.514832 311.696289
gray000018 0.001374 342.865265 323.668915 369.247650 341.601837
gray000018 0.001268 118.360954 289.498901 133.777359 299.706238
gray000018 0.001225 101.766998 265.798584 183.763275 335.426758
gray000019 0.019046 221.199402 123.399605 439.357300 283.913086
gray000019 0.010001 93.910126 287.375031 106.351974 298.206757
gray000019 0.008359 74.531685 117.593658 208.128113 374.643127
gray000019 0.007138 90.956764 280.428589 108.909782 305.418396
gray000019 0.005797 106.662849 251.174591 132.440826 309.577240
gray000019 0.005393 86.662560 286.532867 100.714195 297.120514
gray000019 0.005350 77.683449 284.019806 109.572014 300.639923
gray000019 0.004610 94.801636 291.843628 106.571365 306.839478
gray000019 0.002744 86.236076 290.081787 115.639946 310.330688
gray000019 0.002491 87.924126 254.144775 120.056953 310.081055
gray000019 0.002267 89.381737 289.008636 123.465645 327.831635
gray000019 0.002030 276.825775 136.740814 395.072235 228.517303
gray000019 0.001812 94.777527 280.622681 105.603058 290.724548
gray000019 0.001564 68.552864 277.484039 117.850212 319.260529
gray000019 0.001503 86.578857 281.116211 100.136261 290.706543
gray000019 0.001065 98.278290 278.217346 117.696701 308.953247
gray000020 0.837735 119.398201 261.642029 179.603271 323.743164
gray000020 0.003043 124.870819 276.480408 171.747314 308.058350
gray000021 0.414266 344.877563 314.004395 371.088196 340.902710
gray000022 0.528268 306.361938 293.411255 343.019165 318.357910
gray000022 0.002124 307.939789 280.181122 331.657379 335.951569
gray000023 0.833964 310.374939 275.070312 338.146790 296.346680
gray000023 0.001234 309.512238 280.078033 331.142853 292.960419
gray000023 0.001053 339.634125 288.185364 356.793732 299.947205
gray000024 0.500887 291.557312 285.397308 362.811218 336.887482
gray000024 0.005062 297.929291 275.267578 336.053619 348.094666
gray000024 0.003338 312.052490 272.133484 346.552673 332.545715
gray000024 0.001566 302.016907 286.284210 379.620178 369.890778
gray000025 0.002421 322.087738 351.950806 328.705475 358.463135
gray000025 0.001215 120.667542 320.968506 126.892349 329.125916
gray000026 0.777920 104.288002 275.125946 173.883850 316.082428
gray000026 0.003388 93.625069 287.870483 159.178009 326.176819
gray000026 0.002914 103.204056 295.666687 147.877792 318.764343
gray000026 0.002561 114.543976 283.076630 153.814056 303.870087
gray000026 0.001073 115.488686 287.989136 164.057358 311.627075
gray000027 0.310215 197.492462 218.662231 246.640869 279.243408
gray000027 0.010206 205.063629 210.029297 288.050323 323.621399
gray000027 0.009838 233.545776 192.384964 310.865540 289.243744
gray000027 0.002229 264.528351 165.171524 345.380096 251.659042
gray000028 0.297499 205.379150 288.701599 240.848633 365.281616
gray000028 0.015207 296.769409 302.014343 329.102600 355.913757
gray000028 0.002029 310.503693 288.019592 341.310089 368.828369
gray000029 0.783884 284.889252 262.581604 331.488312 300.576416
gray000029 0.001013 323.412781 236.736618 357.813232 255.559555
gray000030 0.221779 106.276031 217.932953 202.693359 316.004059
gray000030 0.208381 78.914268 195.684174 219.265839 352.707367
gray000030 0.002166 132.732956 222.973328 171.506851 304.304993
gray000031 0.838619 163.089798 327.174713 199.277634 353.825104
gray000032 0.474950 153.628357 238.793091 192.223511 267.533051
gray000033 0.063284 332.105804 207.672836 365.105316 231.154007
gray000033 0.022653 247.595932 121.566422 367.041199 232.194412
gray000033 0.017085 204.723251 207.311295 217.776016 220.116043
gray000033 0.008758 328.371002 183.129089 385.201630 244.072266
gray000033 0.003226 279.029968 158.130920 385.286621 248.403809
gray000033 0.002913 340.135132 213.946793 355.804321 226.289474
gray000033 0.002182 334.283356 209.387436 351.446136 219.274338
gray000033 0.001970 193.411514 228.019989 218.663528 245.494385
gray000033 0.001208 291.844452 196.462311 382.551666 274.754913
gray000034 0.708177 125.454315 238.773087 180.623016 290.856262
gray000034 0.062790 136.417282 253.151749 175.801193 281.386963
gray000035 0.133011 139.634277 244.915680 226.510498 292.443146
gray000035 0.001922 150.623871 244.081573 188.480865 308.817230
gray000036 0.914749 133.153488 246.376312 150.228256 255.874603
gray000036 0.003978 127.749962 247.947449 145.054840 254.778748
gray000036 0.002067 132.589233 236.812042 149.997192 260.208252
gray000036 0.001560 138.417221 244.540039 153.600784 257.973114
gray000036 0.001191 123.502342 242.588257 148.223068 262.301178
gray000037 0.519409 146.109756 329.132477 205.260574 385.194489
gray000037 0.026338 151.645859 343.697815 195.041824 371.881775
gray000037 0.001759 162.499481 338.063873 183.569153 378.096466
gray000037 0.001036 153.740509 326.816956 246.643677 392.953430
gray000038 0.418045 317.736206 296.275696 408.320740 368.994263
gray000038 0.019257 338.636139 307.105103 380.889130 372.255798
gray000038 0.002183 324.273499 275.630951 462.460876 350.397736
gray000039 0.002176 233.920898 361.372894 270.293823 388.542145
gray000039 0.001907 181.979126 341.464569 197.157410 355.605499
gray000039 0.001806 75.612320 339.181244 131.581085 386.103424
gray000040 0.553912 136.849731 221.063187 155.259277 250.746353
gray000040 0.002031 130.972961 222.148193 165.948303 264.689026
gray000041 0.601200 160.302856 254.307129 220.827454 308.700439
gray000041 0.002131 387.637726 278.105743 404.938141 309.129120
gray000041 0.001081 166.766251 270.553558 212.549973 299.198761
gray000042 0.580332 132.092422 273.060730 162.243240 298.070618
gray000042 0.061560 130.851715 268.124207 173.623901 313.759033
gray000042 0.001367 329.350403 261.467346 423.477966 341.927612
gray000043 0.368351 182.714691 226.540237 209.581726 281.917297
gray000043 0.003307 168.549637 209.752060 223.588913 292.246307
gray000043 0.001184 175.440796 239.307312 218.983673 267.606140
gray000044 0.507173 178.671921 271.550018 221.775986 315.450470
gray000044 0.009967 184.371414 276.173706 219.113297 300.509338
gray000044 0.006532 311.226929 291.720490 342.286438 312.283051
gray000044 0.003739 192.790176 271.773621 211.279251 309.925720
gray000045 0.367961 100.061897 253.627121 205.882721 352.586365
gray000045 0.122916 112.463486 254.930069 190.080124 310.268127
gray000045 0.002566 130.931091 248.841187 174.713287 340.706116
gray000045 0.002512 64.842094 244.200867 226.167328 409.042358
gray000046 0.036167 78.119888 143.356537 221.931747 346.895844
gray000046 0.005699 88.672653 238.055267 151.480804 293.862518
gray000046 0.004596 172.591599 240.294800 189.282578 248.086517
gray000046 0.004378 238.455811 192.231705 249.250671 205.506638
gray000046 0.001646 102.886505 249.487564 135.200867 310.482849
gray000046 0.001372 104.000259 228.346436 165.677902 274.233185
gray000046 0.001277 237.741425 198.018433 250.266327 207.872345
gray000047 0.052981 253.781479 303.306183 309.696106 360.894806
gray000047 0.005988 270.314575 312.157288 299.891541 368.932983
gray000047 0.001103 273.016174 235.440903 316.934631 289.257538
gray000048 0.001023 208.563049 314.835907 216.311371 319.034210
gray000049 0.830065 164.771072 273.267181 213.561295 315.078033
gray000049 0.003578 180.007645 276.578613 199.996078 320.216553
gray000049 0.001187 172.778214 271.207581 194.144089 313.488220
gray000050 0.740444 64.093033 249.331741 123.208908 292.877411
gray000050 0.014464 62.948521 260.873199 106.453415 288.501373
gray000050 0.005535 75.080879 247.790726 94.639610 293.760071
gray000050 0.002247 139.432449 256.399841 175.508102 281.629822
gray000051 0.479020 327.576752 277.738098 389.892914 340.887878
gray000051 0.001009 67.303635 278.040497 152.496658 331.538544
gray000052 0.663230 113.821976 192.185287 167.447311 234.302322
gray000052 0.504260 118.767754 203.086914 163.944473 224.602051
gray000053 0.055440 222.148239 154.476303 276.039764 245.343918
gray000053 0.021349 210.364624 165.909973 327.446594 245.948151
gray000053 0.010285 164.604858 107.684891 373.078796 296.715515
gray000053 0.003617 233.557968 189.579178 274.936462 220.068008
gray000053 0.003617 244.782867 174.216537 276.662628 231.752731
gray000054 0.443089 125.380577 243.159149 174.724609 290.909088
gray000054 0.284395 139.594940 263.172455 172.942078 285.857330
gray000054 0.003189 136.856445 254.365204 163.853058 293.290558
gray000054 0.001378 114.570953 273.756714 151.555542 295.828918
gray000055 0.475633 152.583939 232.822113 156.949173 235.096069
gray000055 0.452618 152.810226 229.281021 156.589920 233.033127
gray000055 0.031845 246.521317 231.995895 257.138458 242.522293
gray000055 0.031040 150.488388 228.596268 154.641617 233.539474
gray000055 0.021290 149.609390 232.374634 154.164902 235.319672
gray000055 0.003638 248.635574 237.666229 255.294327 248.518127
gray000055 0.003568 145.807724 249.404327 150.197952 252.418030
gray000055 0.003173 344.635040 233.170288 351.461517 238.302673
gray000055 0.002919 342.964264 226.730484 350.567352 231.993912
gray000055 0.001725 205.607315 208.304123 218.456711 216.306259
gray000055 0.001527 242.230957 234.089706 249.025421 241.318710
gray000055 0.001441 233.644211 233.873703 243.277115 241.553116
gray000055 0.001357 154.106186 221.249619 157.623703 227.514664
gray000055 0.001208 181.654434 242.081024 195.502914 249.613434
gray000055 0.001187 339.687073 232.933197 346.551941 237.129669
gray000056 0.481080 74.027306 242.389374 131.496124 290.298859
gray000056 0.010306 351.338501 338.586761 360.501953 345.641632
gray000056 0.006181 62.475304 258.797180 106.134712 282.274231
gray000056 0.004687 274.095367 305.582642 311.134003 326.503235
gray000056 0.003233 79.430084 253.818192 122.051041 281.085754
gray000056 0.002936 282.338989 301.898376 301.910034 331.419922
gray000056 0.001917 105.383545 321.859772 112.865768 330.094696
gray000057 0.943158 243.462372 217.203445 316.501984 255.547989
gray000058 0.742443 168.476822 223.195465 193.887680 269.632080
gray000058 0.014151 179.676315 226.792175 193.033646 278.707947
gray000058 0.001968 316.636505 205.208984 333.486908 233.297180
gray000058 0.001505 151.715317 219.309967 201.682938 277.410736
gray000059 0.674579 135.816544 254.416107 223.203476 344.979706
gray000059 0.089900 149.283234 271.641998 209.288727 330.915009
gray000059 0.008680 324.104889 264.359802 403.416779 338.332031
gray000060 0.570112 101.058838 227.988693 160.752441 276.054871
gray000060 0.005878 111.047470 233.646149 142.872665 282.613983
gray000060 0.004091 103.899002 231.549316 187.771408 297.682678
gray000061 0.574212 224.168808 315.308289 296.277039 366.098511
gray000061 0.001939 237.369202 309.960571 272.027649 369.704163
gray000062 0.732995 108.346664 294.455963 139.784546 321.117035
gray000062 0.001197 260.022278 271.729645 292.061218 285.019379
gray000063 0.468782 319.424866 273.277557 350.539490 299.528229
gray000063 0.074519 318.095154 270.461456 364.057556 317.754547
gray000063 0.001282 324.003326 278.593994 344.514801 294.636047
gray000064 0.690009 340.778351 165.914963 424.616302 261.871277
gray000065 0.377783 144.776718 293.620636 164.823990 302.808807
gray000065 0.003070 296.287842 287.184235 305.217163 295.314850
gray000065 0.001182 217.342010 281.795593 225.995636 288.119995
gray000065 0.001055 222.519958 279.923035 232.617310 289.233521
gray000066 0.016614 211.502731 266.471710 262.456055 326.328522
gray000066 0.004508 181.564590 104.677902 312.993469 189.317123
gray000066 0.003707 228.708313 221.933044 319.103516 309.810242
gray000067 0.533282 208.393707 348.931885 229.461670 370.937561
gray000067 0.461194 320.958405 377.911407 326.170685 383.145477
gray000067 0.035625 168.459244 378.705078 177.649399 384.194946
gray000067 0.002191 316.433533 377.257141 322.441223 383.967468
gray000067 0.002066 203.448944 356.903503 229.247040 366.796204
gray000067 0.001693 1.000000 102.595718 22.640369 176.810104
gray000068 0.014668 67.777092 160.326599 224.137085 312.743835
gray000068 0.011476 57.589272 183.654785 129.967926 223.826691
gray000068 0.004767 134.690170 173.824554 209.519943 287.078339
gray000068 0.001301 507.471527 464.448334 512.000000 475.547089
gray000069 0.350466 117.202133 214.011215 167.672928 270.116241
gray000069 0.054263 122.997574 226.989380 163.642563 258.075073
gray000069 0.009473 131.223175 216.813629 152.698029 267.507935
gray000070 0.901161 354.699463 327.941254 392.567566 350.156403
gray000071 0.003740 154.311386 344.472382 215.395615 372.319733
gray000071 0.001636 166.207779 356.433014 196.645859 372.423431
gray000072 0.769386 140.499771 278.328888 189.597214 324.540497
gray000072 0.227586 148.898056 286.698029 183.254349 315.908539
gray000072 0.011535 319.053223 296.973267 363.546509 317.536316
gray000073 0.127341 223.580933 160.974167 305.686401 202.426743
gray000073 0.069821 236.201019 147.703674 321.529205 188.696381
gray000073 0.036400 229.552109 230.159576 316.291962 328.484406
gray000073 0.008218 213.471359 177.673798 262.357361 198.141205
gray000073 0.007667 211.110489 176.079300 292.153259 215.297836
gray000073 0.005688 286.356384 229.651337 342.382080 268.980377
gray000073 0.004272 206.938385 179.441940 325.781952 232.362869
gray000073 0.004003 220.960510 170.717651 269.488739 192.681030
gray000073 0.001507 203.109467 209.944855 288.045837 271.317993
gray000074 0.002977 355.923645 283.336975 401.475830 343.962219
gray000074 0.001564 122.789513 108.491776 231.711060 198.022446
gray000074 0.001387 100.712982 144.462799 235.772858 215.969147
gray000075 0.401013 316.253815 296.128479 345.188873 360.941833
gray000075 0.062133 303.884705 282.120270 356.633728 375.598480
gray000075 0.001126 323.817261 302.257202 340.733704 348.136658
gray000076 0.959600 156.925171 111.566864 330.869995 298.937805
gray000076 0.054528 184.903015 131.260162 304.567841 239.645905
gray000076 0.004889 210.837708 22.322548 392.864685 224.819885
gray000076 0.003024 271.929321 79.901001 390.107971 165.807159
gray000077 0.102480 320.047424 312.765533 347.645447 335.668976
gray000077 0.013222 324.062256 317.253662 342.059998 331.970642
gray000077 0.008531 131.840897 141.272522 221.482773 213.465088
gray000077 0.003659 323.633148 310.770752 341.613068 326.700806
gray000077 0.002229 319.931732 304.186462 368.510956 348.863220
gray000078 0.465332 318.058685 229.865265 404.056732 310.663483
gray000078 0.025109 340.093719 232.512817 380.688263 308.032349
gray000079 0.347845 145.793732 91.281975 404.369965 319.896088
gray000079 0.015929 118.421013 105.969330 314.343262 263.455719
gray000079 0.001281 256.678894 243.192322 349.160400 311.883057
gray000079 0.001066 255.735703 120.736023 401.937012 239.843323
gray000080 0.386356 349.467773 255.804672 382.099792 328.639832
gray000080 0.007660 340.624451 260.149750 376.043030 294.358856
gray000080 0.004379 327.005249 239.876984 408.206604 328.171783
gray000080 0.003284 347.688446 255.296158 365.570038 299.104492
gray000081 0.883120 135.711777 263.619965 198.604630 320.266510
gray000081 0.003879 138.084366 278.054321 193.401596 305.728271
gray000082 0.127559 273.419556 285.037506 301.462219 305.362030
gray000083 0.204043 128.005325 322.854767 157.574295 375.069244
gray000083 0.065128 130.151611 340.905273 167.659332 370.285828
gray000083 0.003801 115.021973 310.878021 164.566620 384.421844
gray000083 0.001802 311.796356 313.034546 357.244354 370.900208
gray000083 0.001802 126.552238 331.294617 144.444992 368.242737
gray000084 0.514122 133.776947 224.815674 160.007141 250.148499
gray000084 0.012772 137.547104 229.217392 156.016342 245.211777
gray000084 0.002090 131.459106 217.005280 170.311981 272.060455
gray000084 0.001174 55.673176 224.619614 66.733559 232.267380
gray000084 0.001093 80.158508 80.736443 136.583237 128.171295
gray000085 0.674579 135.816544 254.416107 223.203476 344.979706
gray000085 0.089900 149.283234 271.641998 209.288727 330.915009
gray000085 0.008680 324.104889 264.359802 403.416779 338.332031
gray000086 0.857579 142.722046 240.076691 198.652100 288.331329
gray000086 0.018684 148.824921 254.521011 193.033447 281.280670
gray000086 0.003189 143.564987 244.393906 188.865921 267.228577
gray000087 0.859889 247.974609 130.831879 373.422607 238.116180
gray000087 0.079328 183.195496 96.938225 361.307312 272.057098
gray000087 0.032386 139.150970 131.691284 281.583618 219.973572
gray000087 0.010693 270.820618 161.411163 354.115784 213.346893
gray000087 0.001803 161.636978 126.020416 260.679840 189.135010
gray000087 0.001800 269.831299 141.582428 334.112183 248.937256
gray000087 0.001060 158.970627 236.523666 257.305328 311.885956
gray000088 0.278484 318.502563 207.801163 393.794312 267.699005
gray000088 0.007014 330.256836 203.571014 369.497681 283.521912
gray000088 0.005548 343.304626 198.780884 436.962280 286.348572
gray000088 0.001124 315.307556 176.150574 482.988403 304.990356
gray000089 0.656768 105.755249 262.741425 176.267944 305.826813
gray000089 0.003437 124.780609 276.723053 172.451019 295.271820
gray000089 0.002208 93.916855 247.394440 186.498611 321.401031
gray000089 0.001997 226.860291 352.730927 234.298737 362.442413
gray000089 0.001903 225.309036 357.825165 232.501633 369.081207
gray000089 0.001331 213.492386 336.070160 229.143387 347.491852
gray000089 0.001259 370.155060 372.109009 412.118073 407.906006
gray000089 0.001073 125.433502 274.990326 159.041107 309.099701
gray000090 0.067312 197.970642 226.029922 295.375153 321.915619
gray000090 0.014542 225.569427 271.777649 275.236755 321.781982
gray000090 0.009491 217.039581 248.141052 280.199341 339.271667
gray000090 0.004594 218.205933 200.852356 319.585144 302.122253
gray000090 0.002010 271.283234 273.953979 316.615082 319.883179
gray000090 0.001773 234.750824 285.888550 289.942963 333.626709
gray000090 0.001757 231.523514 252.837967 267.312439 308.620117
gray000090 0.001112 156.097748 214.666229 328.726776 369.550812
gray000090 0.001056 222.124161 255.104095 252.070999 302.928192
gray000091 0.828136 145.707062 131.908386 317.532684 280.070740
gray000091 0.021090 180.325745 183.768539 283.896881 278.253113
gray000091 0.003454 180.658554 225.385330 227.169144 277.643860
gray000091 0.002497 189.434479 238.246384 238.875031 290.419128
gray000091 0.001104 210.925293 157.803101 310.361633 255.673218
gray000092 0.210918 111.512794 288.833466 155.354462 330.759003
gray000092 0.151798 115.776939 289.590027 147.306488 315.417236
gray000092 0.071160 122.690895 285.663208 139.185089 319.799744
gray000092 0.002846 122.401268 295.152893 139.933075 309.061279
gray000092 0.002488 148.767960 272.730743 182.034988 295.380280
gray000092 0.001898 342.401245 328.580353 358.520264 339.401459
gray000092 0.001797 123.685120 300.108429 139.607452 315.580170
gray000092 0.001534 117.695023 279.833984 135.514832 311.696289
gray000092 0.001374 342.865265 323.668915 369.247650 341.601837
gray000092 0.001268 118.360954 289.498901 133.777359 299.706238
gray000092 0.001225 101.766998 265.798584 183.763275 335.426758
gray000093 0.460820 289.556702 205.678940 326.537231 265.349487
gray000093 0.130699 264.164185 205.648560 338.738281 282.748169
gray000093 0.004069 141.654114 72.036263 398.278442 223.201294
gray000093 0.002030 204.937103 207.753128 285.428253 280.943787
gray000093 0.001796 223.165070 220.653992 247.820099 272.259003
gray000093 0.001166 227.129379 226.465622 262.782776 260.214966
gray000094 0.009529 323.962006 281.499756 359.949921 304.318054
gray000094 0.006641 330.752716 267.734863 358.794098 318.488342
gray000095 0.593954 139.544373 245.545090 185.227417 295.905548
gray000095 0.012010 148.379837 248.829727 171.650742 289.094299
gray000096 0.728964 370.392639 250.310226 414.735901 290.057129
gray000096 0.176147 377.028198 260.107391 411.422241 282.585968
gray000097 0.835455 391.564697 320.751801 423.882874 346.841827
gray000097 0.015952 345.161255 322.219604 353.484253 327.693726
gray000097 0.003923 337.694977 329.660553 345.320404 336.709442
gray000097 0.003029 350.823242 320.425415 358.968994 329.029602
gray000097 0.001646 177.586975 344.048645 187.392426 352.923279
gray000097 0.001619 431.879242 206.033478 441.602448 214.964447
gray000097 0.001490 338.852936 320.490936 346.934662 330.394623
gray000098 0.238998 193.678802 257.565277 247.240112 312.024445
gray000098 0.108452 188.242981 242.117599 251.450684 350.032654
gray000098 0.007820 290.616394 227.498596 334.543579 265.383698
gray000098 0.007606 278.315308 271.258118 313.053833 323.052979
gray000098 0.005724 179.782394 247.306641 289.709229 314.984619
gray000098 0.005614 218.615707 234.467255 326.872986 318.267120
gray000098 0.003286 284.193451 214.200134 344.887177 255.888580
gray000098 0.001469 264.870453 253.544998 326.384552 336.327545
gray000098 0.001113 304.052277 219.860474 343.815155 238.680206
