gray000000 0.011155 129.838425 272.606903 167.222763 299.839874
gray000000 0.008545 267.227173 99.644058 306.126282 143.869614
gray000000 0.002473 114.516418 354.756531 184.983948 392.949707
gray000000 0.001921 187.901810 313.654633 192.811417 320.963715
gray000000 0.001623 176.645096 278.437103 184.519333 293.463898
gray000000 0.001514 274.655334 104.203804 298.550476 131.245041
gray000000 0.001043 170.413635 177.743744 297.492218 351.827911
gray000001 0.882979 378.004425 257.993225 417.785675 285.502808
gray000002 0.841586 133.451691 334.621643 192.053833 383.211731
gray000002 0.001801 150.863907 343.102173 177.354263 373.185608
gray000003 0.949131 270.217560 277.290710 303.895355 305.751770
gray000004 0.910659 127.984283 304.091553 165.384644 335.018738
gray000004 0.005878 340.571472 487.170959 385.081421 512.000000
gray000005 0.552797 200.748154 286.040833 208.859177 300.125244
gray000006 0.771546 314.836823 272.790833 345.123993 294.020325
gray000006 0.596702 205.781647 278.178375 214.950775 290.126862
gray000006 0.001179 202.340347 275.137238 214.884109 294.560394
gray000006 0.001112 313.207123 268.105194 346.576813 312.347015
gray000007 0.704715 151.741516 268.445160 208.446930 312.673492
gray000007 0.001455 166.045670 274.655060 195.305801 307.205414
gray000008 0.723368 327.782410 256.509705 364.552734 303.856201
gray000008 0.001734 318.239410 233.814484 373.586456 308.149506
gray000009 0.873606 382.408112 260.760925 414.420502 278.329834
gray000009 0.001545 385.862457 257.596252 408.764191 272.141357
gray000010 0.009051 325.263977 309.651001 356.524780 340.618408
gray000011 0.907642 131.131226 228.279892 155.340332 259.378143
gray000011 0.002698 426.112274 124.623245 462.450287 167.049149
gray000012 0.983412 58.588287 259.959412 211.436066 331.994690
gray000012 0.001516 91.315277 266.057068 175.039886 321.840149
gray000012 0.001375 123.932472 76.304924 202.272644 124.208168
gray000013 0.988541 131.040695 330.366913 196.166336 393.234039
gray000014 0.619074 189.077850 235.731491 209.119843 247.447739
gray000014 0.001494 185.538666 224.535233 213.982239 252.423630
gray000015 0.972019 330.758759 291.269379 368.851898 330.026154
gray000015 0.407514 337.095398 213.825516 407.122864 260.739746
gray000016 0.984813 91.471695 243.765701 200.528732 343.969299
gray000017 0.996874 231.886017 292.071442 267.140228 355.269073
gray000018 0.733793 112.171265 290.163757 143.763153 324.261902
gray000020 0.995630 115.738907 258.125275 186.692032 325.840607
gray000021 0.900767 347.348175 308.737823 369.641449 349.661774
gray000022 0.824119 306.472778 292.934021 340.418457 314.585083
gray000023 0.964363 310.763092 273.332611 336.444794 296.845062
gray000024 0.962419 290.320465 286.493103 362.161896 334.452393
gray000026 0.994873 103.110550 271.591492 179.891373 317.741638
gray000027 0.953629 194.608582 217.110504 250.590698 278.167175
gray000028 0.981500 200.132126 276.870270 242.875076 360.337250
gray000029 0.980214 288.273651 263.556549 332.375458 297.796844
gray000030 0.994013 79.330147 201.102432 226.401642 340.179565
gray000031 0.970739 158.447296 328.529572 200.401550 353.988678
gray000032 0.925852 152.859863 235.488937 196.394409 273.161011
gray000033 0.001045 431.680542 218.071381 456.149719 240.764465
gray000034 0.755430 130.645615 227.569855 177.852615 291.259369
gray000034 0.003278 142.361816 242.141541 169.361694 277.753052
gray000034 0.002281 254.652161 192.836960 265.068237 206.937546
gray000034 0.001472 96.764450 208.013245 207.759171 318.369995
gray000035 0.977914 137.693024 234.765778 232.144684 302.961700
gray000035 0.002139 152.519836 247.359161 210.396667 293.521332
gray000036 0.871135 135.285828 244.530411 147.480682 255.926804
gray000037 0.986385 143.446014 328.248596 207.631622 389.071716
gray000038 0.992488 314.802185 291.676117 400.092834 376.908722
gray000038 0.003745 324.232727 317.664978 390.983765 362.721313
gray000039 0.004234 134.757462 318.804901 173.660995 359.792694
gray000040 0.822604 135.932144 220.100113 156.591599 251.861038
gray000041 0.841096 164.981537 252.020706 216.917236 308.679413
gray000042 0.886373 129.938843 269.597382 156.808075 300.796112
gray000042 0.001433 367.127502 1.000000 478.647827 154.237244
gray000043 0.886796 176.932541 232.637726 212.640121 290.601105
gray000043 0.001332 171.637192 230.201614 195.474411 293.899719
gray000044 0.866451 183.878860 270.363434 216.369370 312.634003
gray000044 0.001195 169.879852 261.097137 235.161438 327.885651
gray000045 0.986230 99.992203 243.731445 193.307358 369.464111
gray000045 0.021367 243.190536 206.512344 253.933334 219.971634
gray000046 0.010768 241.746384 195.199478 252.022324 208.688614
gray000046 0.005889 352.397125 153.489700 374.748627 176.081100
gray000046 0.004078 99.383110 263.058777 132.335281 307.878540
gray000046 0.001962 355.532104 153.211243 370.388062 165.433746
gray000046 0.001680 85.077698 159.013092 211.630127 330.351532
gray000046 0.001567 159.314041 226.399994 189.378555 278.949738
gray000047 0.850070 260.126495 305.167877 309.019623 372.338287
gray000049 0.995149 166.892532 272.688446 205.732285 316.457855
gray000050 0.959981 59.120640 251.454742 137.872360 287.242340
gray000051 0.996578 323.808044 275.142792 398.457336 345.857269
gray000052 0.838243 118.284256 199.659149 167.611557 225.047699
gray000052 0.011949 109.920761 183.842926 176.982254 243.358002
gray000053 0.936076 208.461395 150.756317 316.557404 242.446777
gray000054 0.399671 133.439529 242.425858 174.290176 282.205566
gray000054 0.010738 117.847504 230.101898 186.687531 296.723846
gray000054 0.010240 143.282425 265.026825 171.080765 283.991119
gray000055 0.719193 152.490219 229.135101 155.875900 235.544983
gray000055 0.037800 149.822739 227.938858 155.717667 236.526749
gray000056 0.971232 62.155525 249.213715 125.993660 287.286407
gray000056 0.001816 73.811401 254.703568 113.434998 280.714386
gray000057 0.983506 248.161026 219.037827 316.893127 252.138565
gray000058 0.963668 170.055878 225.052933 196.835632 276.154877
gray000058 0.001319 150.409927 209.324554 213.003281 288.164246
gray000059 0.995074 136.049438 258.927887 219.193604 344.956085
gray000060 0.947016 99.536835 224.055695 165.267151 282.053864
gray000061 0.952544 217.846771 309.994598 291.019562 367.991364
gray000062 0.813176 107.344955 296.609619 137.306381 319.094849
gray000063 0.652499 319.583862 276.614441 346.459595 298.621826
gray000063 0.367747 339.659973 218.508911 348.804504 234.509552
gray000063 0.121032 315.851593 271.715942 350.278229 310.146545
gray000064 0.993277 330.247681 164.724045 435.785339 262.837494
gray000064 0.001093 348.583893 181.108780 417.068268 246.411057
gray000065 0.697415 144.573029 291.422363 165.270386 303.666504
gray000065 0.002916 507.510620 195.654312 512.000000 231.399338
gray000065 0.001453 141.506287 286.686005 170.283905 310.294830
gray000066 0.337866 208.012115 265.547180 253.523499 306.824646
gray000066 0.047719 205.635620 275.183380 235.156281 308.207794
gray000066 0.008239 219.380753 272.572296 271.284149 317.914703
gray000066 0.006351 224.145935 287.092255 277.309143 333.175323
gray000067 0.912064 206.454941 350.334900 229.974777 369.008667
gray000067 0.002548 321.561920 379.831299 327.148834 384.727051
gray000068 0.262906 59.369881 136.205505 249.590424 298.184570
gray000068 0.009142 126.152481 175.998108 208.315536 289.021912
gray000069 0.906879 121.617004 222.497147 164.381927 264.700684
gray000069 0.025428 129.206680 229.363785 156.409958 258.606079
gray000070 0.946279 355.121429 329.270386 392.432098 350.269775
gray000072 0.896543 144.994583 283.548218 182.522812 317.926086
gray000072 0.006922 134.872498 266.332825 198.021301 330.529175
gray000073 0.900852 209.403488 166.400528 310.328461 205.556992
gray000073 0.004234 209.019684 184.548309 310.042267 221.577454
gray000073 0.002138 196.331467 247.553314 258.766937 292.317657
gray000074 0.001635 376.058167 317.295990 382.925659 328.189484
gray000075 0.985067 289.812622 283.080475 363.199707 367.486664
gray000075 0.046971 186.258636 507.013580 222.178406 512.000000
gray000075 0.011774 282.055939 506.812073 322.859711 512.000000
gray000075 0.002000 308.460266 288.241974 344.700134 361.834137
gray000076 0.671815 194.383636 116.454842 304.980713 263.334045
gray000076 0.001939 151.688751 73.033539 338.637115 297.187927
gray000078 0.981287 315.303650 227.699265 401.387817 314.719086
gray000079 0.891962 132.775436 70.256790 395.380432 329.797058
gray000080 0.980825 343.997681 250.522919 386.850159 334.164337
gray000080 0.001102 317.968384 231.852386 413.989014 357.455414
gray000081 0.995687 133.439011 258.961090 203.012680 324.141571
gray000082 0.659778 274.703735 283.433380 296.901306 308.470306
gray000083 0.923810 131.327591 332.916107 164.622238 375.909576
gray000084 0.893502 136.705582 219.829376 156.160385 252.117523
gray000085 0.995074 136.049438 258.927887 219.193604 344.956085
gray000086 0.845470 143.021179 232.494324 193.729248 287.844055
gray000086 0.006346 156.308731 246.724701 185.437119 274.990509
gray000087 0.996092 257.985138 133.324646 367.628876 247.070282
gray000087 0.001676 202.497772 239.837646 212.688843 252.986328
gray000088 0.972176 311.833435 206.975189 390.070923 277.656433
gray000089 0.873577 108.647293 257.928772 172.429459 314.177368
gray000089 0.001412 125.633293 270.515869 155.395889 299.581726
gray000090 0.326088 215.990799 228.803864 311.276917 322.192902
gray000090 0.001240 170.761642 209.664841 179.134903 217.166855
gray000091 0.427322 146.006165 137.930725 320.141724 287.552490
gray000091 0.038991 169.195740 187.207245 251.396301 287.947906
gray000091 0.035012 172.955566 232.609940 239.914948 288.525116
gray000092 0.733793 112.171265 290.163757 143.763153 324.261902
gray000093 0.756095 284.090668 228.857925 334.124481 256.559601
gray000093 0.053839 274.583954 212.336121 338.769806 270.317352
gray000094 0.044894 335.223358 261.974670 367.585114 308.520996
gray000095 0.985139 139.138000 249.697510 185.046600 290.445862
gray000095 0.005388 146.775101 254.956848 173.557419 285.049500
gray000096 0.882511 374.815765 253.387009 413.297699 288.337494
gray000097 0.980184 387.295013 311.046112 428.735504 351.932037
gray000098 0.946783 188.000916 253.619583 250.294830 319.374634
gray000099 0.977302 53.605522 240.161636 128.239319 291.482269
gray000099 0.002210 85.360817 248.941849 129.959167 289.057892
