gray000004 0.872002 130.801758 304.869904 161.485016 334.102631
gray000005 0.201404 201.764938 285.451904 210.221237 299.530212
gray000005 0.002753 211.288284 347.378510 217.367722 353.947357
gray000006 0.764694 316.621307 276.212067 339.395782 290.740143
gray000006 0.173796 205.642151 278.198578 216.214600 289.449799
gray000006 0.002476 313.362427 269.302277 347.904053 298.811249
gray000011 0.633575 133.201309 230.434952 163.012314 261.829926
gray000011 0.002038 124.593254 222.793167 173.595108 269.437012
gray000011 0.001370 326.365631 117.768906 342.471100 133.555008
gray000014 0.749111 189.625565 234.790955 208.802139 246.269135
gray000015 0.995055 326.856415 289.319458 373.247223 334.772217
gray000015 0.009389 335.254791 296.256531 364.292938 324.330566
gray000016 0.682899 80.617447 248.338989 199.223282 346.112854
gray000017 0.967876 238.084076 294.926147 267.220123 359.776062
gray000017 0.037923 244.117752 319.833496 264.323822 360.804443
gray000018 0.007145 109.844330 308.319672 140.011337 325.333099
gray000018 0.002365 107.738739 301.018982 142.812866 320.186768
gray000020 0.992227 116.344772 257.168121 181.673386 325.748566
gray000021 0.899319 346.222687 312.246155 371.496246 346.314453
gray000021 0.001114 337.069031 301.440887 381.205750 355.531891
gray000022 0.189475 298.236389 290.270264 361.710693 322.734009
gray000022 0.008191 304.461426 296.271362 346.721252 316.674377
gray000023 0.542283 307.900269 273.854828 339.393188 296.285919
gray000023 0.003906 100.918777 228.219406 119.144638 243.839096
gray000023 0.001697 300.585571 263.574127 349.166809 306.872711
gray000025 0.001682 87.765732 171.717255 97.256226 178.113037
gray000026 0.011306 150.595810 220.659103 167.475571 233.633041
gray000030 0.006684 194.750519 297.870178 202.519257 307.239014
gray000030 0.004360 79.169296 220.452927 230.633804 338.406921
gray000030 0.001333 349.992767 261.777802 361.451569 272.772308
gray000031 0.983662 160.049377 329.774841 199.327057 352.915833
gray000031 0.002057 154.764343 320.769348 206.498810 361.512329
gray000032 0.812527 151.614761 233.678055 198.483505 276.262726
gray000032 0.042101 159.498779 241.315735 190.059052 267.636475
gray000035 0.948439 141.843292 231.337418 225.170502 305.932983
gray000035 0.001659 155.334320 241.601837 190.766266 309.377167
gray000036 0.795005 134.419250 243.496780 149.955566 256.919708
gray000036 0.003128 126.471115 235.329880 154.555008 266.419586
gray000037 0.986049 145.054840 326.466187 206.563171 389.074097
gray000038 0.992338 318.962067 292.067841 401.792877 375.933746
gray000039 0.042731 134.927353 354.938751 144.926743 362.355377
gray000039 0.017016 161.653183 314.051086 171.863876 320.481934
gray000039 0.001336 87.674744 199.794830 133.236115 225.779694
gray000039 0.001003 72.597160 297.302307 81.428780 303.955261
gray000041 0.004288 141.030121 250.084656 226.029449 309.819458
gray000042 0.001030 160.758530 280.543152 274.760590 380.839233
gray000043 0.002540 387.491180 300.043121 407.315887 314.040436
gray000045 0.527460 96.919731 247.577087 201.915375 345.042175
gray000045 0.002622 243.045105 206.135010 253.901978 219.454895
gray000045 0.001525 108.270332 250.080719 189.233734 304.784027
gray000047 0.630113 251.962189 296.714600 321.297211 371.058655
gray000047 0.018402 236.468842 203.376221 320.675690 271.922150
gray000047 0.001127 181.992935 306.954590 216.666000 357.263367
gray000048 0.001116 26.275421 358.563812 47.874168 385.651031
gray000049 0.956129 161.251419 272.775787 212.030624 315.134918
gray000049 0.004546 173.987274 277.362274 200.075806 309.351532
gray000050 0.970435 61.128830 253.277863 126.629532 286.970245
gray000050 0.002247 74.735199 258.173859 112.449509 281.367828
gray000051 0.011997 317.430237 273.203979 400.891479 342.900940
gray000052 0.904514 116.368134 197.108185 168.282318 231.216125
gray000054 0.024398 133.788971 194.050552 145.065765 205.615829
gray000055 0.717128 152.331635 229.221695 157.081482 234.939346
gray000055 0.017118 150.132446 227.810379 155.947876 236.314102
gray000056 0.856918 63.308388 254.853577 124.578056 282.919128
gray000056 0.001593 59.672592 240.765335 143.397095 292.810028
gray000058 0.970315 166.167572 225.542236 202.055237 275.281677
gray000058 0.033243 148.817749 213.649933 214.387451 281.002411
gray000058 0.025314 173.008682 230.403137 192.115005 271.704590
gray000059 0.981929 138.035873 257.236450 215.356003 343.164246
gray000059 0.002986 154.997849 267.725220 202.810898 322.601501
gray000060 0.645989 97.877243 217.844376 167.364914 288.506836
gray000060 0.008870 83.032410 196.771576 187.846588 303.027771
gray000061 0.981230 217.757889 306.805267 293.317352 373.090485
gray000062 0.750285 107.442207 295.301178 133.027039 319.123627
gray000063 0.236261 313.757355 272.749451 356.063202 301.282654
gray000063 0.002079 299.187469 246.671005 373.655487 319.163940
gray000064 0.983054 336.227081 167.583527 437.381866 259.704407
gray000065 0.844107 145.017273 292.377563 165.173218 302.755432
gray000066 0.066467 229.433563 289.950653 272.861023 330.910126
gray000066 0.045905 213.595795 265.265442 269.551514 329.476135
gray000066 0.010231 238.917404 297.870300 269.124878 318.420532
gray000066 0.002156 206.275848 266.717560 254.023102 306.086578
gray000066 0.001324 236.255463 277.808807 286.777069 324.681427
gray000067 0.933865 206.847336 352.006409 229.540390 367.764771
gray000067 0.005601 320.748749 378.777863 328.419952 384.836761
gray000067 0.002892 171.064240 377.904572 177.218445 383.097443
gray000068 0.002772 51.187786 188.505508 126.361832 246.068100
gray000070 0.003676 353.355072 331.434235 393.661346 350.071014
gray000071 0.005040 176.013565 359.302582 187.627823 371.205658
gray000073 0.744496 213.420502 164.239059 309.365631 210.321884
gray000073 0.004919 201.668503 140.648361 325.325195 231.574142
gray000074 0.002069 377.052032 317.173615 386.514130 327.900604
gray000075 0.974443 295.403870 282.526764 362.336121 370.311981
gray000076 0.893290 160.505585 91.116570 338.666229 272.823914
gray000078 0.071943 313.896790 234.789719 406.375244 309.428894
gray000080 0.901586 339.869568 250.027039 387.014648 333.666809
gray000080 0.003044 314.462982 235.986176 411.045258 351.959442
gray000083 0.875498 127.600868 338.365753 170.899902 372.427399
gray000083 0.002742 113.679382 331.685028 180.539734 385.439789
gray000085 0.981929 138.035873 257.236450 215.356003 343.164246
gray000085 0.002986 154.997849 267.725220 202.810898 322.601501
gray000086 0.118902 118.265930 228.277634 213.241821 292.630188
gray000086 0.055203 297.358612 225.961166 319.967438 237.238205
gray000086 0.001520 140.151398 228.830643 190.315826 283.004303
gray000087 0.982715 254.950638 126.314545 364.841980 237.674988
gray000087 0.541906 155.708344 127.429016 278.330536 236.667755
gray000087 0.011106 149.761856 127.012459 413.968262 239.697083
gray000087 0.001494 303.182953 308.740204 311.924713 320.608124
gray000088 0.375434 320.514465 222.103638 393.038269 273.542694
gray000088 0.006205 302.591705 191.256470 415.025177 293.354950
gray000089 0.927987 110.852425 254.732941 170.057144 317.592926
gray000089 0.001356 126.365196 268.765472 153.876007 300.848053
gray000090 0.005637 204.016556 236.280441 296.419037 297.262207
gray000090 0.002729 190.572327 219.918259 346.328979 319.681976
gray000091 0.027000 152.018509 136.311188 271.086212 290.567902
gray000092 0.007145 109.844330 308.319672 140.011337 325.333099
gray000092 0.002365 107.738739 301.018982 142.812866 320.186768
gray000095 0.986969 139.550751 249.473740 186.799805 290.962524
gray000095 0.006647 149.557510 256.049713 177.723648 282.961761
gray000096 0.017781 145.407623 291.917847 199.913727 340.068420
gray000096 0.001732 396.887115 390.481323 430.749054 404.272766
gray000096 0.001216 127.187653 269.882629 223.719177 351.909058
gray000097 0.975168 389.159424 314.153717 423.025085 349.045563
gray000099 0.001823 100.796318 197.759155 162.125687 256.761749
