gray000000 0.090450 189.884232 261.853241 296.292847 351.280060
gray000000 0.002123 211.077087 297.039093 287.600037 357.340057
gray000000 0.001550 169.150452 235.120697 318.575989 377.045013
gray000002 0.112132 138.117340 334.876221 192.853607 382.226135
gray000002 0.004843 132.072052 302.497253 227.904480 381.177124
gray000003 0.084486 270.342773 268.926910 302.047668 321.675140
gray000003 0.031627 268.204254 279.431396 305.969452 305.400818
gray000003 0.004882 277.463409 275.232483 296.412567 308.799316
gray000003 0.001199 266.712585 254.817307 322.069763 339.260132
gray000004 0.580035 127.450218 305.687775 158.836578 330.821930
gray000004 0.003133 138.331314 311.901215 154.295639 325.038849
gray000005 0.001435 211.881485 207.676926 249.921219 259.131439
gray000006 0.326189 321.633331 273.680573 340.378571 295.014435
gray000006 0.023026 319.706787 277.784821 335.571045 290.804413
gray000006 0.009953 209.160080 280.649780 219.337692 290.122131
gray000006 0.002356 324.581787 272.691956 337.142212 288.013794
gray000006 0.001849 319.033783 279.674347 346.119232 300.090607
gray000007 0.033125 152.459946 269.961670 209.475082 318.886230
gray000007 0.005175 129.375183 258.792175 222.965485 348.781189
gray000008 0.001014 275.562256 235.500092 387.987549 324.813568
gray000010 0.007907 329.796448 300.499634 355.621826 349.021667
gray000010 0.001970 92.366188 237.657440 106.361351 268.767151
gray000010 0.001696 258.316376 256.029907 358.146881 357.353516
gray000010 0.001252 97.149765 255.155838 104.093079 265.220337
gray000010 0.001172 96.258095 248.114746 103.825676 260.975922
gray000010 0.001022 243.159103 216.243988 368.526001 399.538727
gray000011 0.010474 131.776306 232.561462 163.799011 255.381439
gray000011 0.006335 136.122803 222.094284 167.914429 271.086609
gray000012 0.001015 72.556076 258.523712 201.957352 342.914032
gray000013 0.690149 133.336746 333.171448 198.606033 390.731140
gray000013 0.003082 119.427780 307.360779 229.676193 388.998535
gray000013 0.001965 107.178329 298.550323 253.254593 494.064728
gray000013 0.001347 155.615814 312.808105 246.100952 421.059021
gray000013 0.001040 147.885834 349.630341 186.000061 391.607819
gray000014 0.433458 189.077545 234.783813 207.116211 245.410614
gray000014 0.005849 188.142731 229.087387 215.322968 250.423630
gray000015 0.292419 326.022217 286.845642 372.851929 336.229736
gray000015 0.001865 331.350708 270.593506 383.292419 355.141541
gray000015 0.001629 340.932434 289.108246 359.906982 329.695282
gray000016 0.431074 96.937317 235.068253 194.772980 334.320374
gray000016 0.005956 56.180756 231.272369 234.107697 369.913605
gray000016 0.003441 134.017792 246.477570 169.742493 319.082428
gray000017 0.001263 247.112228 296.427765 275.286682 364.158905
gray000019 0.002168 93.218613 303.070404 150.450974 347.907440
gray000019 0.001270 84.311462 292.152039 131.099762 334.956787
gray000020 0.870796 124.875671 261.343201 178.889618 324.412170
gray000020 0.008996 1.000000 98.280518 486.804321 452.369385
gray000021 0.410169 345.702209 306.201691 372.197998 349.896820
gray000021 0.001028 344.556488 311.075958 360.079498 343.031219
gray000022 0.002822 289.578705 265.183838 393.836212 338.947998
gray000022 0.001713 308.540802 271.645782 348.022614 324.182037
gray000024 0.011514 296.438171 287.448425 384.165771 370.120605
gray000027 0.001617 265.990997 227.538147 275.392731 232.710571
gray000029 0.006274 294.884369 248.268051 331.177948 306.675934
gray000031 0.872858 161.069672 327.929138 197.045502 352.197937
gray000032 0.001588 150.754410 243.498886 196.894547 264.692566
gray000033 0.006407 276.555511 189.572495 293.578217 218.672531
gray000033 0.005979 272.335144 199.175705 283.787354 208.923416
gray000033 0.004294 270.039764 193.297180 285.806793 215.288147
gray000033 0.004209 279.194611 198.709503 290.466278 210.021027
gray000033 0.001814 270.701965 192.096313 282.360779 205.960815
gray000033 0.001185 266.201385 192.619492 275.077423 204.110580
gray000035 0.486610 146.753662 222.151367 216.409393 312.505371
gray000035 0.001771 153.472885 235.555176 191.278915 301.292297
gray000037 0.989013 147.622498 327.165100 201.810028 387.347961
gray000038 0.829268 320.395752 279.683197 399.125305 392.833771
gray000038 0.011236 324.444153 310.317719 392.272766 368.943451
gray000042 0.012774 313.348724 259.388458 422.700043 355.242584
gray000042 0.002770 285.033234 292.402740 400.260773 372.409393
gray000044 0.001965 319.440430 284.207306 418.071472 377.730377
gray000044 0.001312 186.341125 261.301575 216.217834 325.968933
gray000045 0.418851 92.450180 265.202698 197.849899 359.068359
gray000045 0.003567 42.754044 261.358521 254.302414 390.590759
gray000045 0.001853 109.955246 302.767578 190.555191 345.859558
gray000045 0.001308 132.887558 280.987030 170.224747 346.582855
gray000049 0.506723 169.190796 267.021271 199.359161 321.196747
gray000049 0.020719 154.667053 263.933350 211.502563 309.803406
gray000049 0.002663 139.064819 260.974365 220.397552 342.289307
gray000050 0.897630 67.252876 250.593567 131.898010 288.206421
gray000050 0.002174 66.698845 234.225708 143.125153 305.060852
gray000052 0.183415 123.998169 188.568130 176.501160 242.922226
gray000052 0.001359 122.088364 202.964539 161.836533 223.883942
gray000054 0.001085 108.546463 231.424957 184.519150 314.450653
gray000055 0.843740 153.351028 230.302567 158.653366 234.030258
gray000055 0.002646 234.037506 230.227554 241.774109 234.112503
gray000055 0.001804 232.988922 233.851547 243.032440 236.531082
gray000056 0.848106 73.456329 249.292175 129.557983 285.555298
gray000056 0.080194 312.487274 289.215668 340.962860 311.408844
gray000056 0.003757 305.726257 276.374603 350.423767 323.122162
gray000056 0.002160 318.935608 294.081146 333.576172 308.154755
gray000056 0.001711 324.037567 291.237213 338.725922 309.052338
gray000056 0.001101 88.913559 251.999680 111.760696 283.048767
gray000057 0.037521 245.312515 214.529648 317.785980 252.927170
gray000057 0.014361 204.283356 231.119324 326.891571 324.412781
gray000057 0.002192 163.928558 204.560455 369.454681 387.892242
gray000058 0.795144 169.678162 225.303146 200.514099 276.787415
gray000058 0.002629 156.555206 213.394730 213.608093 286.999542
gray000059 0.375245 154.973267 264.033936 190.596558 327.216614
gray000059 0.180426 131.432953 255.102402 221.944244 344.774048
gray000060 0.003391 108.103142 223.025681 163.227432 276.861877
gray000061 0.658288 230.559128 310.354675 292.454193 369.950195
gray000061 0.001993 214.673401 296.215271 288.586853 341.994873
gray000062 0.345042 107.540680 293.762115 137.367523 321.456818
gray000064 0.589490 346.444824 164.559067 417.617371 260.207214
gray000065 0.582516 144.997116 293.436859 163.998856 302.295929
gray000065 0.027927 142.170746 288.423462 167.277374 303.976379
gray000066 0.001035 210.848801 161.217300 330.796326 247.376907
gray000066 0.001015 209.071945 265.682373 258.272583 299.165344
gray000067 0.631221 207.145493 349.126526 229.415848 370.383362
gray000067 0.010692 210.707748 356.476379 227.566360 366.874329
gray000067 0.005072 60.961578 5.951385 358.094849 150.913879
gray000070 0.736594 356.526367 328.136353 390.120300 351.695923
gray000070 0.012738 352.707703 319.839966 401.068909 361.633911
gray000072 0.028001 138.776520 279.641327 195.544952 322.059052
gray000073 0.366312 219.697495 159.381683 313.846191 215.383087
gray000073 0.005556 228.134460 143.034164 354.980469 228.125137
gray000073 0.003020 328.926086 209.638168 417.826355 288.396240
gray000073 0.002721 273.576965 187.391312 473.750671 349.145569
gray000074 0.004107 89.559280 29.557068 512.000000 512.000000
gray000075 0.688470 295.353882 288.666229 359.431763 365.085480
gray000075 0.001979 312.589935 286.002747 344.256989 354.134583
gray000076 0.586378 160.500031 118.623360 322.619415 250.382965
gray000078 0.042390 330.376312 230.526611 389.674591 324.398987
gray000080 0.025285 353.344910 247.304504 376.810303 343.153931
gray000080 0.002533 361.636597 256.860535 385.179138 331.717041
gray000083 0.007656 136.515976 329.233521 168.800308 384.703857
gray000084 0.005775 139.404694 218.110779 157.657349 252.927094
gray000084 0.002287 136.690613 202.058716 164.581940 267.905121
gray000085 0.375245 154.973267 264.033936 190.596558 327.216614
gray000085 0.180426 131.432953 255.102402 221.944244 344.774048
gray000086 0.069638 141.084778 233.372498 192.812378 293.742371
gray000087 0.003317 247.900467 125.338272 372.402893 229.226822
gray000088 0.447640 318.422302 213.758240 380.994995 275.815948
gray000089 0.962363 107.145409 252.714096 170.192474 315.113739
gray000089 0.001246 384.674408 249.745880 433.686615 284.516632
gray000090 0.018684 213.770081 224.175598 323.093689 327.409363
gray000090 0.005451 192.106766 253.305344 298.833405 344.012207
gray000090 0.003105 227.468048 252.467255 300.343964 312.120636
gray000091 0.038602 152.001465 139.291992 316.093445 289.249390
gray000091 0.001524 184.361877 191.795197 287.437073 289.585693
gray000093 0.015325 297.383575 219.308563 328.942596 279.369263
gray000093 0.003063 167.837555 110.718079 375.631866 310.461182
gray000093 0.002403 203.695190 203.791260 346.164185 279.221100
gray000095 0.612657 143.351303 250.286545 192.681320 286.614899
gray000095 0.005898 155.853348 250.533569 175.286087 284.723328
gray000096 0.003491 368.551392 250.417313 414.300110 306.685669
gray000097 0.665143 390.811432 316.854279 421.072357 346.723785
gray000098 0.002210 258.480835 191.388855 352.400940 288.531830
gray000098 0.001129 214.816910 213.001297 336.988831 322.136047
