gray000000 0.039389 360.907684 269.220367 424.628571 321.873810
gray000000 0.018588 202.133362 260.608215 279.377625 349.405945
gray000000 0.005337 228.113220 284.621979 296.646423 338.106781
gray000000 0.002863 322.928314 261.039124 395.470856 326.580505
gray000000 0.002592 239.978821 169.580063 314.643860 262.253174
gray000000 0.002288 268.857971 205.760620 339.844788 271.706268
gray000001 0.330619 384.291992 261.094879 420.246582 289.001495
gray000001 0.011395 393.669281 257.774475 411.691803 286.065247
gray000001 0.004235 358.851685 235.477310 431.131470 302.974152
gray000001 0.003153 366.533417 345.836212 376.170380 351.998566
gray000001 0.002958 363.742920 344.439697 369.427612 351.596497
gray000001 0.001561 357.165192 204.885620 433.371307 278.435974
gray000002 0.868002 132.942139 335.526825 193.858276 380.732452
gray000002 0.011194 70.534653 177.967331 159.574173 247.592606
gray000002 0.007802 135.181671 322.565674 205.486938 410.030762
gray000002 0.002768 130.355347 348.137299 226.576843 436.863556
gray000002 0.001348 209.594345 291.882965 258.231110 340.889313
gray000003 0.368284 266.842712 280.958862 307.224731 307.813171
gray000003 0.026081 256.942200 262.028015 306.657654 311.119263
gray000003 0.018342 275.501587 279.319824 297.280823 317.035828
gray000003 0.007240 248.449921 273.132721 290.977753 320.250641
gray000003 0.002268 236.461838 273.828979 264.481781 323.428589
gray000003 0.002184 180.035309 147.357697 302.749268 221.067902
gray000004 0.231011 124.606812 307.319366 159.250061 327.953278
gray000004 0.147202 132.052933 312.932800 162.607681 334.180054
gray000004 0.097517 134.756897 312.159973 151.108124 322.608887
gray000004 0.097303 133.835388 317.978882 150.601501 327.195679
gray000004 0.004963 129.626709 312.248901 140.521057 321.156738
gray000004 0.004381 120.143631 301.330475 181.951248 345.153046
gray000004 0.004138 114.124069 301.755737 167.439194 319.406677
gray000004 0.003737 129.455002 319.334625 141.423874 325.225494
gray000004 0.002166 252.603790 428.015503 345.904816 506.006592
gray000004 0.001891 105.206512 302.799805 114.644913 313.888916
gray000004 0.001648 133.494690 298.374908 147.955383 304.853485
gray000004 0.001602 126.699989 304.818146 141.339462 313.456879
gray000004 0.001587 149.523270 312.122711 160.851364 320.293671
gray000004 0.001545 133.171417 304.286224 148.499146 314.674774
gray000004 0.001460 116.146484 183.131439 228.501282 442.618073
gray000004 0.001312 135.714844 307.444458 173.702515 326.173279
gray000004 0.001151 148.427582 305.881989 164.376312 315.270355
gray000005 0.198960 198.508087 288.186249 208.350098 298.993561
gray000005 0.035883 157.686478 267.177582 188.036789 319.164642
gray000005 0.032196 203.527588 226.927994 238.388519 277.901764
gray000005 0.013856 193.952423 285.263275 212.847687 302.373138
gray000005 0.010123 150.173981 257.641052 198.838959 308.250183
gray000005 0.007465 188.388245 239.075562 243.698151 287.161499
gray000005 0.007172 230.825974 240.513702 330.839478 292.391266
gray000005 0.005524 152.608704 295.719574 192.546173 321.920441
gray000005 0.005289 263.934906 236.957977 354.999786 311.819733
gray000005 0.004757 199.305222 281.480408 209.204361 294.736938
gray000005 0.002835 158.082458 289.541199 186.813477 313.225220
gray000005 0.002636 206.225739 239.412674 249.250031 267.352875
gray000005 0.002557 199.534485 292.747833 208.465759 303.891876
gray000005 0.002483 192.671570 292.132690 202.316406 303.873474
gray000005 0.002088 218.631104 233.202560 256.027893 257.689331
gray000005 0.001558 155.596466 259.581909 172.839996 295.215759
gray000005 0.001110 193.826508 224.310120 298.598145 276.149506
gray000006 0.687130 323.341095 276.271759 340.067596 289.570404
gray000006 0.073061 207.556320 279.661041 217.999344 289.899689
gray000006 0.072801 317.936798 273.101471 343.489227 293.843658
gray000006 0.008287 204.063232 274.103516 220.540192 296.502441
gray000006 0.001188 202.874771 279.314453 211.522293 289.124939
gray000007 0.816572 155.424881 270.477844 212.928635 316.372131
gray000007 0.052942 167.851639 279.763641 208.812790 307.470367
gray000007 0.003921 143.462311 258.550873 228.038788 335.007782
gray000007 0.002671 157.869949 243.075760 250.689255 313.716309
gray000007 0.002334 179.232300 274.790131 197.668457 311.614777
gray000007 0.001114 182.039841 270.405090 206.217636 302.611633
gray000007 0.001063 269.669861 234.456696 345.783325 311.081268
gray000008 0.500782 328.285461 261.078918 363.429871 305.396912
gray000008 0.053653 300.919708 304.682556 331.545624 326.704285
gray000008 0.007075 309.922333 310.204529 325.712311 321.466125
gray000008 0.006143 337.146118 267.794220 357.568726 301.119781
gray000008 0.004624 128.806519 115.262901 236.134888 185.237488
gray000008 0.004188 331.782593 275.022461 351.441284 307.361938
gray000008 0.003977 293.582489 244.928696 379.344940 307.439423
gray000008 0.002727 177.925797 183.562271 198.497665 208.214371
gray000008 0.002178 339.566437 255.924500 358.605499 287.119446
gray000008 0.001656 308.192383 300.314026 338.420593 321.564575
gray000008 0.001617 182.531693 190.230484 195.671585 204.711075
gray000008 0.001456 292.306396 290.929993 335.900330 332.359558
gray000008 0.001390 99.226242 226.808746 200.228378 302.952118
gray000008 0.001179 345.699371 256.605408 363.930450 296.014526
gray000009 0.585761 380.276886 261.486908 415.832916 280.927582
gray000009 0.032260 393.531189 260.682159 411.353699 288.522125
gray000009 0.027543 370.512909 312.439026 406.845673 333.593689
gray000009 0.020124 362.507202 293.256958 424.615601 334.839050
gray000009 0.019357 159.724747 337.227264 171.191544 346.442291
gray000009 0.009367 158.094193 341.918518 172.877579 351.813110
gray000009 0.008070 336.401398 294.341553 390.358551 338.997131
gray000009 0.006886 379.586182 257.598907 426.792725 297.962555
gray000009 0.003525 163.417725 302.012787 180.584503 332.131927
gray000009 0.002956 165.168304 337.109131 176.215363 347.614075
gray000009 0.002688 166.061249 341.536255 175.397766 353.403503
gray000009 0.002493 335.541962 263.361755 408.560394 332.741760
gray000009 0.002080 155.662582 299.649078 173.858841 332.809601
gray000009 0.002074 157.141449 330.441864 173.775482 353.993073
gray000009 0.001755 152.506668 341.517120 179.060715 355.328156
gray000009 0.001691 397.608398 289.510742 427.594727 314.049438
gray000009 0.001496 309.955750 227.676468 383.627625 269.786224
gray000009 0.001434 349.846405 305.867950 379.591766 341.806671
gray000009 0.001224 165.233139 309.106781 178.363907 325.152069
gray000009 0.001157 383.855042 272.537567 428.006653 321.971405
gray000009 0.001071 378.218353 300.472443 399.926849 335.659882
gray000010 0.057667 274.884857 273.398407 394.371307 343.945587
gray000010 0.056709 193.420334 371.336456 200.542068 376.103058
gray000010 0.045860 188.410156 226.254303 218.338257 249.238312
gray000010 0.027740 185.786728 369.635620 193.182053 375.838684
gray000010 0.019493 186.199738 376.116516 194.303711 382.251343
gray000010 0.015185 163.096115 272.296478 236.609116 323.215118
gray000010 0.013690 297.739807 291.410828 361.536560 337.565430
gray000010 0.013688 182.463455 361.871185 194.116043 368.205414
gray000010 0.008082 191.602722 376.240997 200.629028 382.211700
gray000010 0.007635 183.465424 271.269165 215.508331 324.603394
gray000010 0.007123 354.876648 212.352020 439.507690 284.016266
gray000010 0.007062 172.580093 246.150452 227.011032 342.510559
gray000010 0.005950 303.834656 265.027100 353.477783 360.542236
gray000010 0.003959 136.623779 335.326477 219.968475 409.032776
gray000010 0.002988 199.401169 375.213623 208.859787 382.790771
gray000010 0.002859 458.033997 148.634048 512.000000 284.275024
gray000010 0.002732 170.626434 219.289139 178.752411 226.450119
gray000010 0.002232 176.317245 217.066177 186.196243 225.660629
gray000010 0.002194 169.762589 362.009125 177.816422 367.816803
gray000010 0.002180 451.215973 156.561218 497.740387 247.708008
gray000010 0.002166 175.185516 271.984985 202.552673 321.573669
gray000010 0.002131 151.233795 305.922333 247.135651 378.720490
gray000010 0.001929 153.020355 168.042862 163.202972 175.419113
gray000010 0.001918 182.723465 356.123566 194.767319 361.356110
gray000010 0.001838 251.094879 233.251358 364.705170 327.908936
gray000010 0.001661 177.812683 361.397430 186.026306 367.173370
gray000010 0.001466 171.766586 255.115433 206.849869 308.443115
gray000010 0.001427 423.218018 197.576965 505.909912 287.829407
gray000010 0.001304 188.407410 231.703125 208.933075 241.741364
gray000010 0.001142 199.152924 370.466217 207.283112 375.977997
gray000010 0.001027 171.775528 168.655518 176.956802 175.364441
gray000011 0.362677 132.250565 228.940750 160.860062 258.127747
gray000011 0.032961 142.114380 273.665802 173.661407 293.372101
gray000011 0.003746 134.091324 235.138657 153.109970 252.224106
gray000011 0.001853 126.123421 219.159058 174.692963 257.266144
gray000011 0.001535 147.532242 265.554352 167.850693 290.450043
gray000012 0.851114 74.913956 262.924042 194.699722 331.689301
gray000012 0.018799 112.353333 246.377838 183.342682 353.115326
gray000012 0.001090 20.919037 163.246567 447.759094 449.161438
gray000013 0.907771 133.967163 334.801117 196.933289 387.396088
gray000013 0.004106 142.495880 343.648224 188.625092 374.956146
gray000013 0.002332 60.656662 184.480133 160.279373 246.759308
gray000013 0.001818 293.261169 159.129745 377.643494 247.259537
gray000013 0.001557 151.015106 341.762421 182.209595 396.763580
gray000013 0.001206 129.262589 338.132935 229.025040 435.063782
gray000014 0.323894 188.622925 233.800842 209.803436 250.741730
gray000015 0.457851 328.557800 285.261566 371.293030 333.096710
gray000015 0.091364 335.487274 297.787811 373.860565 322.843781
gray000015 0.035105 341.016357 291.878296 359.673523 328.883240
gray000015 0.005510 315.516785 272.842743 380.471008 351.460968
gray000015 0.003778 110.136444 273.819214 160.384460 327.493652
gray000015 0.002817 115.467552 288.183136 146.257050 313.741180
gray000016 0.873619 89.345276 241.656815 189.732727 343.483521
gray000016 0.014653 370.602844 329.481537 407.966125 350.505463
gray000016 0.010285 368.613190 309.601013 415.299164 354.582153
gray000016 0.005023 273.163574 138.139923 408.517334 226.932983
gray000016 0.003070 349.302765 286.538757 402.001068 344.627075
gray000016 0.002677 317.973572 305.438019 369.196350 350.322357
gray000016 0.001443 372.830292 334.611542 389.912079 345.320953
gray000016 0.001136 303.752258 268.728790 374.439087 346.305939
gray000016 0.001035 333.937500 164.633194 417.262390 240.768997
gray000017 0.352947 213.955017 286.558533 279.445129 342.906433
gray000017 0.033954 230.515442 293.400940 267.570221 354.478699
gray000017 0.014000 232.287491 271.527588 300.133759 345.968445
gray000017 0.005778 226.081192 298.212250 250.499161 346.635284
gray000017 0.004192 252.580200 218.144470 281.101379 272.366852
gray000017 0.002803 241.433075 328.138184 275.180267 355.284668
gray000017 0.001709 260.918762 294.368103 293.842041 353.725281
gray000017 0.001536 265.213104 289.080109 315.725311 334.567596
gray000017 0.001524 207.778809 281.302979 239.390594 343.947083
gray000017 0.001195 183.515732 273.834534 251.341660 340.784058
gray000018 0.209656 109.496864 287.851227 159.082642 332.070099
gray000018 0.065923 108.737923 295.759979 145.562378 319.614960
gray000018 0.042331 121.710999 290.883728 141.429901 325.883667
gray000018 0.035516 333.218170 319.719208 366.554657 343.285248
gray000018 0.016180 299.443665 309.499847 334.693237 337.117218
gray000018 0.013940 297.749084 305.640289 323.684692 329.432037
gray000018 0.010430 116.532204 283.718628 135.557724 322.427612
gray000018 0.009704 104.744888 266.166809 180.131912 331.769897
gray000018 0.006126 342.612091 326.073242 358.860687 339.745911
gray000018 0.005091 342.213654 308.390259 357.257965 342.689209
gray000018 0.004420 309.089294 309.957397 325.477234 336.283630
gray000018 0.002162 344.967529 333.593842 355.480164 344.058380
gray000018 0.001619 301.850220 311.317963 318.829712 324.218109
gray000018 0.001615 121.941231 303.668518 149.069168 340.493652
gray000018 0.001348 158.831223 139.230865 247.264633 202.933258
gray000019 0.009952 239.510071 143.829605 420.893127 263.704742
gray000019 0.004740 90.250359 286.816162 123.475838 329.919189
gray000019 0.002239 100.146362 184.608673 175.704651 291.061371
gray000019 0.001680 276.667389 139.775513 391.172394 224.339417
gray000019 0.001616 92.887192 145.630798 197.729202 345.799194
gray000019 0.001405 110.046829 255.601151 131.908981 306.466339
gray000019 0.001187 122.767166 234.447983 147.044846 292.086334
gray000019 0.001153 93.640823 254.989304 117.288055 310.053040
gray000020 0.704269 122.574867 260.622650 179.279663 325.422638
gray000020 0.006647 127.081604 278.244812 169.762726 307.033936
gray000020 0.001214 299.627136 267.188538 380.545593 345.499329
gray000021 0.451970 345.375641 308.361298 367.727997 349.469086
gray000021 0.001197 330.396332 304.377716 373.411530 352.985199
gray000022 0.530368 305.908173 295.651337 343.905609 317.304535
gray000022 0.170140 301.297516 287.184875 349.490265 328.165100
gray000022 0.010319 314.741486 288.493164 333.682587 318.797607
gray000022 0.008549 301.213440 254.251968 378.594849 341.829498
gray000023 0.692325 309.536316 272.905121 338.167908 296.487579
gray000023 0.016633 313.440582 277.696136 333.113434 291.464325
gray000023 0.003098 307.884308 260.876831 347.120880 308.091187
gray000023 0.001128 302.500793 263.015503 332.396545 298.861816
gray000024 0.475852 293.418579 285.327576 365.408508 334.195557
gray000024 0.008115 298.163391 284.284180 389.297363 368.261597
gray000024 0.003384 322.840942 279.637115 357.852478 338.495209
gray000024 0.002397 151.740082 97.239212 256.916718 184.038681
gray000024 0.001978 150.174591 291.538574 191.810577 332.942444
gray000025 0.082796 322.058014 351.582001 329.556854 358.151886
gray000025 0.037777 121.340645 321.274292 127.853600 329.709595
gray000025 0.008519 204.489990 158.416962 345.115234 239.827789
gray000025 0.004712 321.710663 346.790253 328.490509 357.035065
gray000025 0.002221 137.657822 327.276489 144.845444 335.954712
gray000025 0.001670 336.726318 196.879318 377.555054 213.685623
gray000025 0.001310 194.682312 99.737274 353.490112 260.979034
gray000026 0.575814 105.625626 276.088074 172.734512 321.333130
gray000026 0.041767 98.890511 294.857178 152.916840 320.985962
gray000026 0.006530 116.965111 267.335144 183.412872 307.552612
gray000026 0.002901 121.407120 272.615051 207.520584 344.131042
gray000026 0.001664 120.379486 282.703217 151.929718 331.830231
gray000026 0.001159 151.991318 320.841675 192.193680 346.899292
gray000026 0.001104 143.275284 296.465393 193.664169 357.470093
gray000027 0.314452 200.651947 218.756454 256.809814 273.634399
gray000027 0.074258 203.084366 209.627502 282.345337 327.744690
gray000027 0.051755 264.056183 166.939972 347.932770 245.876160
gray000027 0.016011 252.392212 142.288788 353.023987 220.308777
gray000027 0.009283 271.112061 254.926880 302.488831 279.950684
gray000027 0.005876 209.352493 290.443146 255.374680 328.890533
gray000027 0.004894 232.197754 193.176239 314.809631 287.903503
gray000027 0.001522 269.458496 194.645309 332.567261 238.903519
gray000027 0.001214 189.582825 173.166061 357.101196 306.826965
gray000027 0.001207 193.782532 238.714966 249.954987 266.636505
gray000028 0.487221 203.174072 291.255280 237.846619 363.441742
gray000028 0.114742 292.108978 307.820190 327.107635 355.838623
gray000028 0.015671 179.445679 265.248840 244.285034 355.300537
gray000028 0.005085 182.937500 276.587921 226.060028 325.377899
gray000028 0.003544 200.847809 326.251160 239.885132 352.521912
gray000028 0.003342 272.590729 294.110077 325.832428 364.676239
gray000028 0.002985 306.785339 322.427826 342.232178 366.586151
gray000028 0.002900 293.797882 247.457809 354.755035 288.596313
gray000028 0.001227 188.301270 298.365692 250.220978 378.132782
gray000028 0.001085 193.970978 297.799561 222.244690 356.793152
gray000029 0.617689 282.781677 262.517151 330.455261 301.958679
gray000029 0.005655 273.317108 244.061935 344.174469 303.265015
gray000029 0.003973 297.983215 259.635284 320.962402 297.508209
gray000030 0.423087 108.987366 206.094269 201.954895 323.232513
gray000030 0.011131 342.224854 227.988480 418.579224 300.991241
gray000030 0.003423 118.765144 233.466522 187.205811 295.994171
gray000030 0.001996 326.527740 262.152588 359.625824 300.711365
gray000030 0.001937 361.443512 255.090302 427.614594 309.371490
gray000030 0.001080 347.501038 211.680832 407.238098 259.813324
gray000030 0.001027 328.007324 275.556183 358.287598 343.892853
gray000031 0.811878 159.459671 327.708160 200.377060 354.304169
gray000031 0.177434 165.513992 316.626953 192.030350 363.515442
gray000031 0.005708 218.649033 263.189209 257.154907 277.978394
gray000031 0.001320 201.281799 378.795715 210.546844 384.384338
gray000031 0.001167 177.720963 325.434845 193.963455 354.771759
gray000032 0.502156 150.885544 239.979721 195.068619 266.908264
gray000032 0.089857 173.105682 299.090149 205.430023 321.656860
gray000032 0.033836 161.871918 235.590912 182.661285 270.190033
gray000032 0.013146 222.971970 200.827057 249.062088 223.529602
gray000032 0.006986 182.906265 303.158447 197.448898 326.374756
gray000032 0.004781 163.952164 228.741104 192.777451 276.205383
gray000032 0.003219 203.158386 221.248657 229.554260 269.440002
gray000032 0.002928 171.112289 192.248383 234.944717 272.141174
gray000032 0.002901 181.128296 309.784302 200.012482 321.399780
gray000032 0.002846 188.617371 303.062317 203.352203 327.421875
gray000032 0.001287 370.047150 327.855042 378.605377 335.818359
gray000032 0.001171 376.549011 321.915588 384.370239 330.031677
gray000032 0.001052 169.096924 276.971191 204.378296 323.230347
gray000033 0.326243 254.958588 128.240845 359.030182 229.004669
gray000033 0.068415 331.077545 178.262283 384.331451 229.075150
gray000033 0.035719 288.844421 149.849930 379.915710 259.374512
gray000033 0.010853 333.180664 207.210388 364.686584 232.629791
gray000033 0.009076 204.991272 207.365021 218.710388 217.679504
gray000033 0.002931 324.862946 169.222931 374.293854 263.319580
gray000033 0.002023 209.163055 65.161964 344.446503 295.901520
gray000033 0.001508 152.880219 139.431366 267.254181 209.208710
gray000033 0.001077 234.495575 153.968750 326.314667 239.092255
gray000034 0.689958 124.016563 237.718262 179.455185 292.170898
gray000034 0.009053 133.281067 249.075241 181.167786 276.637238
gray000034 0.005838 135.949860 245.797562 165.369263 300.861206
gray000034 0.003769 102.363396 219.474030 191.639404 285.206055
gray000034 0.002465 149.030258 239.160522 174.265549 288.174866
gray000035 0.822031 135.425888 232.204041 225.483963 317.734436
gray000035 0.003771 298.380585 311.095673 382.157013 360.439240
gray000035 0.002715 258.494476 153.050705 354.591522 212.429031
gray000035 0.002477 117.217331 207.376022 240.859879 393.373840
gray000035 0.001947 198.244751 290.157928 296.093506 379.219330
gray000035 0.001782 98.765793 244.838837 204.272842 345.121979
gray000035 0.001408 421.297760 232.497635 512.000000 324.140778
gray000035 0.001077 343.215820 175.236496 455.235168 244.164932
gray000036 0.938856 135.244492 245.472504 148.362045 255.667542
gray000036 0.040173 130.344711 242.567337 151.171738 260.088562
gray000036 0.008200 129.193909 246.496658 144.104797 254.400803
gray000036 0.001235 142.011612 263.481873 153.501114 270.304688
gray000037 0.447406 148.121902 326.923889 209.408615 388.221069
gray000037 0.032300 146.501968 343.926941 199.859970 372.614502
gray000037 0.006903 122.028717 315.088959 237.050751 386.323151
gray000037 0.001042 162.492432 337.311951 183.692474 379.226135
gray000038 0.426075 325.911011 291.266235 394.701782 374.694031
gray000038 0.037970 146.850235 314.438080 190.615189 365.474457
gray000038 0.026295 147.141922 327.209198 181.900558 352.270416
gray000038 0.005559 76.114769 244.655472 135.439209 357.103210
gray000038 0.004975 127.367889 297.370087 219.010742 384.523224
gray000038 0.004008 334.101074 273.837250 446.121155 348.866974
gray000038 0.001023 326.653870 228.399017 417.684875 332.568573
gray000039 0.012797 141.965332 307.467072 164.486023 355.138519
gray000039 0.007977 135.527802 252.076263 227.573395 297.436737
gray000039 0.004651 182.933289 340.132324 195.914551 356.045715
gray000039 0.002226 166.040741 337.596802 196.090332 358.748169
gray000039 0.001837 124.787666 309.810608 154.447006 348.983032
gray000039 0.001531 121.288681 325.636627 154.847610 360.886749
gray000039 0.001462 180.450928 332.356201 197.811035 362.487793
gray000039 0.001326 154.958954 313.701416 183.101562 369.246704
gray000039 0.001148 125.360451 306.895325 177.103607 356.208862
gray000039 0.001070 174.100281 341.155212 190.349365 355.652649
gray000040 0.680969 136.885651 219.936874 156.266815 252.465683
gray000040 0.018494 141.232132 227.457840 152.961777 245.143356
gray000040 0.007924 135.633804 219.523819 166.257339 268.356689
gray000040 0.004042 307.094513 145.722473 370.879120 208.044800
gray000040 0.003305 168.952347 228.838577 200.822037 267.998138
gray000040 0.001612 144.487000 208.471619 214.395569 283.007507
gray000040 0.001312 101.558762 88.644516 317.148804 456.827881
gray000040 0.001242 118.958672 176.482941 307.777527 356.996246
gray000040 0.001013 135.039566 224.568283 151.313004 239.352982
gray000041 0.552900 161.915283 253.611908 219.295746 306.773346
gray000041 0.015677 158.351288 239.361145 241.986053 343.281189
gray000041 0.003436 387.607941 282.852692 404.712921 320.302582
gray000041 0.002263 388.972290 300.866730 403.067322 315.674347
gray000041 0.001230 405.901459 161.890106 512.000000 258.641022
gray000041 0.001047 383.127747 284.827118 397.440857 319.704620
gray000042 0.386848 130.407471 271.828796 163.146393 299.954590
gray000042 0.047665 166.132401 279.965302 194.865219 314.491913
gray000042 0.023506 323.793335 259.021454 422.193848 341.838959
gray000042 0.003846 167.319580 297.516785 194.788788 319.785522
gray000042 0.002673 137.289856 268.462891 156.878387 292.056213
gray000042 0.002223 151.986191 273.865509 178.695206 318.603180
gray000042 0.001036 173.947342 285.648865 190.178513 317.846741
gray000043 0.688847 181.465530 232.956085 210.588608 290.577484
gray000043 0.039769 163.454895 219.422852 228.950928 307.293579
gray000043 0.004534 372.781097 270.156677 409.028778 320.580444
gray000043 0.001866 177.782639 247.899826 215.662796 275.058807
gray000044 0.397607 187.421295 271.047424 217.490875 313.442566
gray000044 0.012601 353.352448 308.848358 390.277802 349.650299
gray000044 0.006591 338.372528 318.784729 390.669769 360.231140
gray000044 0.004977 347.433929 327.707336 383.315399 351.082703
gray000045 0.873880 95.698158 253.577225 205.775635 346.500977
gray000045 0.010395 315.725983 162.402283 412.036713 254.248871
gray000045 0.005673 110.743813 256.564148 189.583679 313.782593
gray000046 0.015809 156.688095 200.635300 180.676407 261.581177
gray000046 0.014133 93.623657 167.132446 206.708252 326.100922
gray000046 0.010731 170.453979 187.471298 196.061554 245.881271
gray000046 0.007060 90.543114 233.803452 156.676575 326.278839
gray000046 0.005001 156.788452 158.710098 190.095093 184.030167
gray000046 0.004663 135.780014 142.353363 166.720627 196.721283
gray000046 0.004266 164.413834 218.204330 180.946793 256.409790
gray000046 0.004093 123.448563 154.478516 152.151199 209.670807
gray000046 0.003396 143.061523 206.426636 168.758362 260.093658
gray000046 0.003158 104.863197 239.725021 135.227798 294.404663
gray000046 0.002452 123.887131 188.544327 178.924606 307.839874
gray000046 0.002250 156.439682 222.440079 188.790970 252.201859
gray000046 0.002140 142.177780 171.346985 193.429031 293.029053
gray000046 0.001844 164.357925 153.055664 181.917709 179.190277
gray000046 0.001676 151.674393 230.876923 180.715622 255.439484
gray000046 0.001576 159.596359 167.711700 207.568375 268.685059
gray000046 0.001329 185.017868 188.839935 209.760971 242.582611
gray000046 0.001192 119.926392 232.681381 148.000793 298.567749
gray000046 0.001131 174.689789 239.278290 186.890900 248.661133
gray000046 0.001040 158.043381 219.582581 173.675369 254.159637
gray000046 0.001006 150.867340 142.564362 184.269775 197.012787
gray000047 0.383047 254.943665 304.090942 312.556580 362.081055
gray000047 0.006079 260.661194 280.061188 322.843262 382.698639
gray000047 0.005067 158.002243 239.948730 261.223694 298.759338
gray000047 0.002270 158.711838 311.459900 209.266891 348.346619
gray000047 0.002031 219.568054 262.142578 327.959900 348.112671
gray000047 0.001458 172.380142 259.666077 222.046005 297.693420
gray000047 0.001030 264.015259 270.144714 333.640503 336.785645
gray000047 0.001007 195.177658 221.637375 284.680267 274.264282
gray000049 0.695730 164.197876 274.233887 212.038422 316.466248
gray000049 0.003164 178.857010 281.236298 200.218124 317.439850
gray000049 0.001226 148.508286 262.915405 200.308853 308.906860
gray000050 0.548622 63.412231 246.025269 122.500443 295.421509
gray000050 0.024723 60.984100 264.575806 107.119415 286.588928
gray000050 0.005661 84.904793 245.459961 111.890160 291.459778
gray000050 0.004892 73.719505 250.277802 96.004585 290.741974
gray000050 0.001943 140.664383 253.744812 172.045944 283.676331
gray000050 0.001116 82.652199 230.276596 146.154572 323.013245
gray000051 0.468977 331.893738 281.254913 386.932373 336.063629
gray000051 0.007157 150.309387 269.118958 186.912140 318.111389
gray000051 0.002166 74.853973 258.072144 104.723755 303.672485
gray000051 0.002091 149.898285 281.721039 180.891449 301.932037
gray000051 0.001924 136.189224 263.103851 176.471542 301.597443
gray000051 0.001812 355.203766 279.090393 388.246857 323.996033
gray000051 0.001778 69.779144 287.790833 134.869125 340.797180
gray000051 0.001313 63.093651 276.127777 118.544777 318.369965
gray000051 0.001244 321.573944 289.220367 423.600128 356.921234
gray000051 0.001152 120.097923 273.014404 145.950470 293.773071
gray000051 0.001009 361.030701 261.990356 422.276978 301.771484
gray000052 0.329230 113.998276 189.571716 167.737808 239.120575
gray000052 0.076616 118.697021 201.830353 164.739777 225.997101
gray000052 0.006363 133.895447 192.880402 192.963135 242.527313
gray000052 0.002138 106.332352 199.081482 191.012711 272.078491
gray000053 0.136860 222.307785 154.021347 278.967957 247.904709
gray000053 0.096273 216.357193 170.807541 328.711243 243.878403
gray000053 0.043325 199.994202 141.853592 294.777466 225.019211
gray000053 0.039980 219.157959 191.080551 282.085876 235.288162
gray000053 0.013793 193.820831 94.831184 345.062347 279.541626
gray000053 0.003944 253.757874 135.665833 348.700623 235.619202
gray000053 0.001185 182.286423 215.429871 192.049240 225.633698
gray000053 0.001038 226.697693 203.748856 275.436310 250.832016
gray000054 0.772138 126.899879 241.398254 180.411163 288.734436
gray000054 0.126079 135.824570 256.011169 177.108749 282.260437
gray000054 0.009252 146.725525 250.744614 166.594604 287.588837
gray000054 0.002826 127.571907 253.827026 157.262589 294.823181
gray000054 0.001591 113.060371 274.321594 152.933243 295.216248
gray000054 0.001450 134.180298 226.472061 191.893555 305.907654
gray000055 0.124613 152.938034 229.236816 157.482986 233.605469
gray000055 0.105923 152.857422 234.831833 156.376801 237.367111
gray000055 0.041746 233.624939 231.704422 243.374512 240.533524
gray000055 0.024286 148.357941 233.550415 153.021515 237.118256
gray000055 0.014117 145.057922 249.736115 149.125793 252.509033
gray000055 0.013255 149.541000 227.155548 153.854019 234.130615
gray000055 0.012345 206.227722 208.394714 218.277893 215.649597
gray000055 0.005532 240.989792 234.501465 248.192856 241.612427
gray000055 0.004599 139.024963 250.340378 143.694122 254.426620
gray000055 0.002951 231.393982 227.464523 241.894165 235.481186
gray000055 0.002510 234.201553 238.607788 243.600998 248.455170
gray000055 0.002078 244.556564 232.428177 257.363281 243.225449
gray000055 0.001943 146.371460 242.438538 149.989624 245.283936
gray000055 0.001909 229.984314 323.023041 307.755188 475.392303
gray000055 0.001900 156.760406 328.254730 172.046265 335.502228
gray000055 0.001393 152.978287 321.961548 163.387527 330.176941
gray000055 0.001292 247.810349 238.027725 254.725418 247.615768
gray000055 0.001214 153.023224 329.208771 165.510101 335.505219
gray000055 0.001204 208.888229 318.716675 334.817200 512.000000
gray000056 0.276727 68.900803 240.536758 133.193649 289.438080
gray000056 0.177185 282.611237 299.400726 306.623993 336.170013
gray000056 0.031099 277.950989 288.690857 314.149902 344.160889
gray000056 0.015045 75.879845 248.239502 103.951698 289.993652
gray000056 0.003727 59.306870 264.689758 95.875412 285.521606
gray000056 0.001536 274.796997 305.266266 296.554565 329.821503
gray000056 0.001179 282.260254 307.815918 302.408813 324.942810
gray000056 0.001022 274.210449 311.873566 280.844177 319.963287
gray000057 0.714251 253.029251 215.543808 313.445312 255.778183
gray000057 0.027112 227.247681 212.686752 327.564514 283.688110
gray000057 0.011972 269.236755 224.210434 316.335449 248.103226
gray000057 0.002934 275.954132 214.294342 309.033417 271.399567
gray000057 0.001806 266.667358 237.280777 340.598694 313.696960
gray000057 0.001269 200.202454 236.621124 288.016022 306.704376
gray000058 0.898924 168.960495 224.979309 193.385483 276.607391
gray000058 0.017193 165.134827 240.148041 200.965118 265.160034
gray000058 0.016008 156.114914 218.257004 206.950882 287.520599
gray000058 0.001418 177.665939 241.756409 195.921036 274.696167
gray000059 0.945445 141.283340 252.441330 219.979843 352.984009
gray000059 0.116492 163.389832 275.335907 200.076202 342.091034
gray000059 0.006164 315.076904 263.827332 402.876526 338.937500
gray000059 0.004255 260.410919 93.812042 358.999115 205.435883
gray000059 0.002385 116.449890 277.657318 243.607849 366.115143
gray000059 0.001994 344.222992 343.559448 353.179535 352.329773
gray000059 0.001781 112.600647 265.666382 207.900421 331.113159
gray000059 0.001273 279.840424 128.677124 393.028107 221.963013
gray000060 0.656034 100.611893 226.457458 161.063705 277.089874
gray000060 0.010905 206.793457 151.754150 339.137512 204.157898
gray000060 0.010846 77.444183 230.177460 174.969696 295.524200
gray000060 0.004453 354.366669 311.734680 379.202423 341.227356
gray000060 0.003318 275.923950 163.186600 344.378418 210.192520
gray000060 0.002106 131.175705 239.246765 204.792648 299.662720
gray000060 0.001448 161.044708 263.153503 235.577789 340.275269
gray000060 0.001202 252.187744 174.435471 358.850037 235.003067
gray000060 0.001083 122.234390 229.170868 142.297684 277.152832
gray000061 0.518350 235.528244 316.737976 292.591309 367.687195
gray000061 0.009759 206.824112 297.519226 304.360260 368.836365
gray000061 0.001111 195.112961 293.843262 228.185684 323.015198
gray000062 0.744396 107.469696 295.707123 139.369766 320.689972
gray000062 0.014858 115.884613 292.826691 132.076294 316.173187
gray000062 0.002339 264.368256 265.383057 286.369232 291.255920
gray000063 0.431706 317.518372 273.193176 352.144470 299.717957
gray000063 0.159954 315.474976 272.395142 363.808960 315.059204
gray000063 0.004691 152.413132 243.478806 180.234207 287.518646
gray000063 0.002751 143.870270 260.752686 170.544189 282.318054
gray000063 0.002420 311.393677 257.823853 370.537109 335.837769
gray000063 0.001454 141.077011 255.934296 169.078781 298.837372
gray000064 0.660768 346.135101 165.933456 427.319183 261.627563
gray000064 0.002985 41.993759 231.218796 128.359879 309.433929
gray000064 0.002849 141.228302 232.808640 199.551453 289.455261
gray000065 0.598450 147.590225 294.709961 163.659531 303.705322
gray000065 0.045603 143.470490 290.361877 167.094910 307.798157
gray000065 0.017461 146.806183 290.308990 157.979675 301.188751
gray000065 0.004221 374.562012 263.625427 390.170044 272.177673
gray000065 0.001842 366.291595 314.126190 379.933502 320.816986
gray000065 0.001461 379.170074 251.055099 414.837189 269.641998
gray000065 0.001158 156.439392 296.055389 166.988708 303.102692
gray000065 0.001034 149.700089 301.409698 160.259689 310.127899
gray000066 0.134712 210.334152 271.216919 262.370850 316.691895
gray000066 0.063527 228.592300 144.498215 306.118622 217.662735
gray000066 0.062560 223.871155 261.384155 270.797821 301.779114
gray000066 0.051494 184.384903 105.691116 305.433289 195.802475
gray000066 0.028658 217.476501 273.347687 257.424164 298.293365
gray000066 0.023300 221.573730 241.980469 252.219757 265.211853
gray000066 0.018975 232.626740 273.488953 258.652527 312.818848
gray000066 0.016653 226.489578 169.696045 313.309204 245.670288
gray000066 0.016273 239.430695 188.255585 363.628876 286.867493
gray000066 0.013254 261.355865 209.409927 342.706268 322.502075
gray000066 0.012202 218.556229 113.856125 276.128876 225.014755
gray000066 0.006576 222.011368 236.483795 273.330872 291.207977
gray000066 0.006518 230.563385 229.894318 317.657562 309.363495
gray000066 0.005385 251.463379 241.911804 275.340820 282.373535
gray000066 0.003793 237.742050 240.373657 289.649811 283.941650
gray000066 0.002924 237.058685 249.561874 251.769073 257.976135
gray000066 0.002487 260.799316 181.573120 348.435181 246.790009
gray000066 0.002465 209.963928 242.241226 281.590607 318.518311
gray000066 0.002235 290.797974 166.219406 372.341431 253.797073
gray000066 0.001789 199.890274 143.708023 296.214386 253.057541
gray000066 0.001737 235.874252 267.840576 252.784470 301.687439
gray000066 0.001475 238.099289 255.621002 250.953110 262.315704
gray000066 0.001462 21.582592 233.969482 138.642395 311.506104
gray000066 0.001086 227.162354 251.923935 262.176819 267.173859
gray000066 0.001060 243.187469 269.415131 260.003540 300.590424
gray000066 0.001020 234.558228 224.108704 261.372986 279.118195
gray000067 0.549399 205.499985 348.458099 230.998581 371.809357
gray000067 0.035577 322.336670 377.124329 327.221619 383.571777
gray000067 0.002397 335.929321 384.558929 344.114563 390.961090
gray000067 0.001530 4.049179 338.069885 35.796452 361.326416
gray000067 0.001183 202.637344 356.517883 230.130203 366.584839
gray000068 0.188105 136.495041 176.019516 200.629288 291.930786
gray000068 0.129250 72.064110 183.941345 131.948944 240.272766
gray000068 0.029892 53.556931 160.605148 153.395706 255.704391
gray000068 0.007965 52.729431 131.705688 176.587830 340.437775
gray000068 0.005695 121.284302 225.236160 208.206879 302.754150
gray000068 0.003247 334.247131 174.473358 400.738953 244.700195
gray000068 0.002760 55.364712 143.055939 126.418884 226.879822
gray000068 0.002550 39.050404 186.139633 124.684311 279.814423
gray000068 0.001452 148.342133 192.798569 184.501373 272.681274
gray000068 0.001439 98.825424 187.535568 238.533707 298.679871
gray000068 0.001355 76.565063 179.814178 109.231537 228.529755
gray000069 0.317855 127.316536 216.349792 160.000916 268.610077
gray000069 0.053396 122.113693 229.361557 163.590500 256.112915
gray000069 0.018489 314.273926 256.481476 350.001526 304.265411
gray000069 0.015042 109.762177 210.829224 174.874268 283.586060
gray000069 0.001145 381.026764 316.233887 397.171051 331.736877
gray000070 0.917872 353.421021 327.624146 393.178589 350.413940
gray000070 0.001124 369.653229 325.868866 385.893585 352.793854
gray000071 0.006584 158.550629 342.021210 210.350098 380.189606
gray000071 0.002289 201.235748 251.414108 270.912476 309.395325
gray000071 0.001050 232.514709 329.897888 239.348846 336.605103
gray000072 0.350228 146.454880 287.087189 183.141769 314.635101
gray000072 0.067579 138.690216 283.392853 190.037689 329.238312
gray000072 0.001090 93.384254 106.329544 203.412018 196.285172
gray000073 0.093972 224.842941 226.160706 317.421753 319.979126
gray000073 0.083160 210.568283 157.945084 289.659912 210.100601
gray000073 0.027642 218.275223 148.691406 309.085663 192.882965
gray000073 0.016869 228.104401 137.731384 297.788300 230.579285
gray000073 0.008724 243.307816 171.739090 353.390869 244.256516
gray000073 0.007040 204.211670 173.017120 269.432556 224.790405
gray000073 0.005325 194.734924 251.280533 304.007568 339.898102
gray000073 0.004716 225.640793 197.177856 309.614777 281.127502
gray000073 0.004416 203.960846 175.857452 268.958496 286.550507
gray000073 0.004365 288.753601 258.709717 299.684082 263.727783
gray000073 0.004272 296.326843 258.473297 305.152466 263.942719
gray000073 0.003972 253.606918 204.408356 345.353577 286.976471
gray000073 0.003920 301.170593 193.625473 353.712646 238.388626
gray000073 0.002360 326.571411 158.263718 396.095032 212.312790
gray000073 0.001687 247.988007 156.363556 341.825653 211.562469
gray000073 0.001404 210.065689 190.231445 262.318146 237.794312
gray000073 0.001339 242.242661 336.895874 280.751556 360.818298
gray000073 0.001315 229.626190 146.197296 267.407227 194.381622
gray000073 0.001089 214.927795 175.859421 259.241699 202.350876
gray000073 0.001063 179.004944 142.046204 358.276489 334.302094
gray000074 0.040895 360.516449 293.053864 391.924835 335.616486
gray000074 0.007355 333.747955 273.255035 417.997833 354.297272
gray000074 0.004255 375.767944 317.177521 387.307373 330.328156
gray000074 0.003613 95.569016 209.480682 188.811325 267.266937
gray000074 0.002803 94.221054 174.697220 202.748611 247.462570
gray000074 0.001837 157.801376 126.314087 262.397095 182.373077
gray000075 0.315330 303.425201 283.973877 356.658966 378.803284
gray000075 0.003329 263.982727 273.342987 364.480774 385.563141
gray000076 0.311284 158.314331 108.756180 330.237061 290.657898
gray000076 0.198877 186.821304 125.660172 289.883057 226.643661
gray000076 0.031108 271.676849 87.914749 388.729889 161.142548
gray000076 0.004458 225.675964 41.596687 369.760864 203.217255
gray000076 0.002190 201.732010 107.180954 271.752930 288.657532
gray000077 0.031561 319.240662 306.399963 373.156006 347.962219
gray000077 0.008977 160.441650 135.522934 328.977783 214.462296
gray000077 0.002912 132.633942 140.728195 221.832397 217.644516
gray000077 0.001428 222.077866 176.337860 237.045303 185.595642
gray000077 0.001320 302.537292 215.818237 384.684326 282.056152
gray000077 0.001140 195.394806 122.378906 295.067505 190.023865
gray000078 0.545736 330.412994 228.461334 387.103119 311.156891
gray000078 0.001320 350.652130 250.492111 391.104889 302.067719
gray000078 0.001020 145.841736 327.036987 169.678711 342.170288
gray000079 0.326331 114.274506 63.312172 370.802765 292.634644
gray000079 0.164222 202.794159 106.108078 399.072174 250.347214
gray000079 0.030687 261.750732 226.824448 352.891479 324.896179
gray000079 0.009840 153.307617 119.493538 330.320496 237.380035
gray000079 0.005593 147.419952 158.316772 268.940094 252.416107
gray000079 0.001863 181.945435 189.289688 301.357056 296.311096
gray000079 0.001773 280.989319 121.693130 344.230103 248.616440
gray000079 0.001094 250.579010 100.607803 362.272675 213.018692
gray000079 0.001090 306.965485 152.487564 412.765533 267.211182
gray000079 0.001048 226.312195 236.345215 330.775269 311.009521
gray000080 0.533107 334.686340 261.354279 397.845642 327.808502
gray000080 0.004880 297.540680 243.784973 404.762604 346.674500
gray000080 0.002512 94.352905 147.019623 192.079224 203.829590
gray000081 0.861873 141.852356 264.758453 195.008545 317.932526
gray000081 0.008230 149.411270 279.476318 193.124588 305.231506
gray000082 0.297169 362.682404 301.421265 396.733185 328.741455
gray000082 0.047743 270.089874 283.447845 302.318817 306.340607
gray000082 0.008393 261.211884 274.392853 306.846588 318.986359
gray000082 0.002263 364.035095 300.188934 384.861694 321.712372
gray000082 0.001946 371.852570 308.984070 388.638397 322.573120
gray000082 0.001730 87.527267 145.437210 199.944717 214.770920
gray000082 0.001055 313.101288 288.007812 324.266388 296.931458
gray000083 0.479154 134.680679 331.697540 162.642410 380.158722
gray000083 0.094201 368.097748 344.415161 422.393463 397.968079
gray000083 0.071837 307.442474 317.833588 361.006256 370.098724
gray000083 0.028857 126.961815 342.715424 170.806107 371.374054
gray000083 0.008176 120.077362 321.190887 177.968689 396.998566
gray000083 0.002380 146.461304 339.200500 164.781403 374.300232
gray000083 0.001649 368.273682 369.953247 408.023560 388.433289
gray000083 0.001116 150.494598 330.734131 173.586334 369.091248
gray000083 0.001105 133.345078 310.868866 205.017776 410.596222
gray000084 0.537593 137.440369 221.289230 156.293610 252.495987
gray000084 0.033523 141.446014 228.973053 153.025421 245.169098
gray000084 0.002441 135.021027 219.971436 170.106384 270.351379
gray000084 0.002039 323.456329 207.313950 410.487274 279.951233
gray000084 0.001517 138.921844 209.253479 213.275574 283.610016
gray000084 0.001420 135.729645 233.778305 150.632538 250.141983
gray000085 0.945445 141.283340 252.441330 219.979843 352.984009
gray000085 0.116492 163.389832 275.335907 200.076202 342.091034
gray000085 0.006164 315.076904 263.827332 402.876526 338.937500
gray000085 0.004255 260.410919 93.812042 358.999115 205.435883
gray000085 0.002385 116.449890 277.657318 243.607849 366.115143
gray000085 0.001994 344.222992 343.559448 353.179535 352.329773
gray000085 0.001781 112.600647 265.666382 207.900421 331.113159
gray000085 0.001273 279.840424 128.677124 393.028107 221.963013
gray000086 0.809461 143.886581 238.502319 195.628616 288.774658
gray000086 0.001498 114.885941 214.650970 187.191147 282.425415
gray000086 0.001135 146.911392 244.165176 198.074661 267.682953
gray000086 0.001098 156.110474 247.849213 176.574097 286.839264
gray000087 0.962226 254.222641 129.306625 364.459595 237.402969
gray000087 0.234331 178.240265 129.334076 306.663422 227.227631
gray000087 0.008501 167.706635 147.507416 263.161957 254.461212
gray000087 0.008231 165.568665 123.845505 264.610413 189.162064
gray000087 0.007113 224.012680 161.214203 334.684174 242.313019
gray000087 0.003899 213.537170 114.647720 339.998779 203.134293
gray000087 0.002696 150.426498 134.257782 229.991409 213.937988
gray000087 0.002449 247.517609 231.874908 273.902313 256.572357
gray000087 0.002232 200.202911 255.741394 208.929321 265.529724
gray000087 0.002195 152.417480 67.325401 326.526245 243.856140
gray000087 0.001946 296.460205 116.598541 358.014648 195.115784
gray000087 0.001530 193.888519 190.385315 286.851410 285.404236
gray000087 0.001138 199.565613 227.207123 289.694092 315.156769
gray000088 0.497893 322.011597 200.705734 398.670715 281.110748
gray000088 0.009806 327.729065 211.339233 368.878052 266.221252
gray000088 0.004442 145.524872 108.914124 280.228577 184.655518
gray000088 0.001218 350.235229 199.419540 425.610901 292.763489
gray000088 0.001192 304.613953 187.090393 387.186707 257.813141
gray000089 0.381763 114.396843 253.533920 182.844971 311.108490
gray000089 0.010774 121.278564 243.048248 220.763550 327.696564
gray000089 0.004410 129.019073 275.046875 168.252808 296.861694
gray000089 0.001142 125.220558 256.211761 158.835480 325.087555
gray000090 0.218441 216.309204 217.980057 279.163544 315.146881
gray000090 0.048777 221.499771 205.214264 317.238129 298.425201
gray000090 0.028864 228.223557 249.415070 267.249207 306.930450
gray000090 0.026499 211.787872 237.359802 265.149475 292.471130
gray000090 0.026296 187.045349 228.182404 250.911285 307.236847
gray000090 0.011963 258.133911 172.983215 348.029968 264.827667
gray000090 0.009347 218.268753 257.440125 310.199280 340.230469
gray000090 0.005586 223.147232 285.831909 277.480408 333.156921
gray000090 0.004641 272.891388 274.284271 318.798553 317.568329
gray000090 0.001218 228.162964 226.918961 290.070618 275.281433
gray000090 0.001190 181.291412 195.699585 347.787628 342.471130
gray000090 0.001150 227.127808 272.011353 292.439941 316.261414
gray000090 0.001071 236.024231 297.378174 288.992554 356.110168
gray000091 0.234601 175.730499 153.754517 305.909271 267.291077
gray000091 0.021015 184.702744 244.561462 240.458633 287.499451
gray000091 0.010144 152.094101 136.830139 287.542725 225.400208
gray000091 0.006780 181.144440 190.969025 261.472961 273.333710
gray000091 0.001842 228.632172 197.694290 294.102081 268.718140
gray000092 0.209656 109.496864 287.851227 159.082642 332.070099
gray000092 0.065923 108.737923 295.759979 145.562378 319.614960
gray000092 0.042331 121.710999 290.883728 141.429901 325.883667
gray000092 0.035516 333.218170 319.719208 366.554657 343.285248
gray000092 0.016180 299.443665 309.499847 334.693237 337.117218
gray000092 0.013940 297.749084 305.640289 323.684692 329.432037
gray000092 0.010430 116.532204 283.718628 135.557724 322.427612
gray000092 0.009704 104.744888 266.166809 180.131912 331.769897
gray000092 0.006126 342.612091 326.073242 358.860687 339.745911
gray000092 0.005091 342.213654 308.390259 357.257965 342.689209
gray000092 0.004420 309.089294 309.957397 325.477234 336.283630
gray000092 0.002162 344.967529 333.593842 355.480164 344.058380
gray000092 0.001619 301.850220 311.317963 318.829712 324.218109
gray000092 0.001615 121.941231 303.668518 149.069168 340.493652
gray000092 0.001348 158.831223 139.230865 247.264633 202.933258
gray000093 0.378919 292.446198 208.231369 325.225739 263.850677
gray000093 0.353276 255.512741 200.796509 342.222870 283.613281
gray000093 0.013533 244.247131 112.893700 359.546021 189.322723
gray000093 0.010808 220.939911 211.379715 250.920074 257.453766
gray000093 0.008149 226.633270 224.265091 263.300385 250.459305
gray000093 0.004500 211.732040 200.034683 282.087524 289.108215
gray000093 0.003270 239.752487 165.555435 314.242554 268.662445
gray000093 0.002849 224.747925 221.671051 272.990479 269.919342
gray000093 0.002595 283.709656 224.414612 321.168457 250.198730
gray000093 0.002212 234.117004 216.262482 320.388428 305.747406
gray000093 0.002167 282.924133 175.671875 337.890991 267.153259
gray000093 0.001847 299.372223 218.982544 317.897858 255.742981
gray000093 0.001816 199.283325 105.673195 386.224243 320.867096
gray000093 0.001164 269.167694 135.495148 329.767914 209.644135
gray000093 0.001084 293.493591 218.027191 310.385681 256.344025
gray000093 0.001071 271.904266 223.218994 302.433319 270.816498
gray000093 0.001069 189.046570 88.419144 355.905151 202.721420
gray000094 0.198511 320.361298 266.056122 368.576080 317.784271
gray000094 0.009989 322.162292 278.900848 361.983765 304.871368
gray000094 0.001775 73.554871 209.364670 349.043976 466.481628
gray000094 0.001277 305.066162 203.157898 375.642090 277.281036
gray000094 0.001075 341.661469 261.452301 367.264557 306.423737
gray000095 0.375203 138.205048 245.276993 186.764130 295.913330
gray000095 0.160740 144.430573 255.962112 182.082520 283.370361
gray000095 0.013861 149.565994 249.088837 170.020187 290.995514
gray000095 0.001575 98.149719 203.352310 191.888794 285.127686
gray000096 0.542570 368.147644 250.432755 415.532043 290.013397
gray000096 0.013983 379.528473 256.030823 403.165497 284.827271
gray000096 0.002839 371.906372 255.043823 417.052490 274.403625
gray000096 0.002476 335.903259 245.823471 401.124207 300.669739
gray000096 0.001420 361.476898 345.014130 369.446075 352.899139
gray000096 0.001128 151.834457 300.853210 193.390854 329.095093
gray000097 0.700058 390.105652 312.726898 419.652588 355.158905
gray000097 0.011127 397.630585 320.371155 422.004303 346.565430
gray000098 0.319039 195.468704 261.621460 240.913742 307.787903
gray000098 0.190137 179.853928 262.722839 254.923080 342.149353
gray000098 0.127298 193.751236 304.139771 245.360733 349.241638
gray000098 0.016511 212.934982 315.590668 245.191147 361.631805
gray000098 0.011430 254.723251 235.580139 344.543823 312.243713
gray000098 0.005995 264.247559 184.675003 347.349182 248.677811
gray000098 0.005294 190.256485 270.285248 225.160995 318.169708
gray000098 0.004776 251.896759 200.334183 346.405731 282.573517
gray000098 0.004092 280.769989 277.488739 315.232513 317.065765
gray000098 0.003787 201.002975 319.528809 243.257767 343.740173
gray000098 0.003234 267.804871 220.560959 328.474670 273.248688
gray000098 0.003198 272.193634 267.517578 324.695831 328.497498
gray000098 0.002949 191.426270 234.078796 218.727509 253.850983
gray000098 0.002303 189.605042 275.677124 238.633789 298.237915
gray000098 0.001633 192.254120 224.834900 233.179047 249.026825
gray000098 0.001217 192.728592 250.494003 279.876953 313.640900
gray000099 0.010240 66.804344 206.876770 152.911438 277.951508
gray000099 0.004814 72.750435 239.816162 130.117096 290.953918
