gray000000 0.012730 200.415222 259.490112 290.705078 347.807312
gray000000 0.004509 354.740356 269.004303 431.437561 316.412506
gray000000 0.002200 200.405869 275.478882 263.359009 320.005981
gray000000 0.001736 230.917786 186.855713 314.069092 289.700104
gray000000 0.001175 172.428467 265.776306 228.431915 298.082642
gray000001 0.660887 379.925507 262.919403 418.238617 285.056793
gray000001 0.003478 379.653473 252.503433 424.142426 296.861023
gray000001 0.001648 356.565002 203.011047 449.087280 285.774414
gray000002 0.936948 129.934753 336.853790 188.284058 382.628448
gray000002 0.002190 129.172424 348.126892 196.686768 370.003967
gray000003 0.715226 272.072388 280.657104 303.420044 304.889587
gray000003 0.083295 262.709564 264.711304 305.511871 308.091309
gray000004 0.652328 130.380722 306.624268 163.436935 327.393921
gray000004 0.045171 124.222618 295.810242 174.545532 331.963074
gray000004 0.010902 135.151642 311.757935 158.414032 322.511658
gray000004 0.002920 128.316101 206.091675 205.630768 419.897766
gray000004 0.002518 135.787277 301.802063 172.488815 320.384399
gray000004 0.002188 103.625458 252.824707 198.735535 364.692871
gray000004 0.002066 135.364914 308.582550 169.534409 338.527863
gray000004 0.001810 57.878891 193.010880 121.546661 241.828354
gray000004 0.001022 147.781921 299.256012 212.865845 352.762848
gray000005 0.928015 199.546310 288.094421 208.801163 297.800964
gray000005 0.079443 196.554153 286.356903 212.205948 299.366058
gray000005 0.022568 156.037735 264.621674 171.852646 289.746674
gray000005 0.017077 145.735748 265.280579 182.141327 288.792297
gray000005 0.015298 144.994858 260.820496 202.211380 303.986694
gray000005 0.013544 200.304977 283.575104 210.678726 293.959198
gray000005 0.011831 157.862488 269.554352 170.225037 282.600006
gray000005 0.010161 156.574799 261.426361 170.476227 276.742096
gray000005 0.008551 200.822342 224.531082 257.216827 267.717133
gray000005 0.005356 145.787079 273.761597 166.630035 295.284973
gray000005 0.004504 165.362762 290.212982 177.924286 297.425751
gray000005 0.004454 207.758118 220.589661 251.852173 240.703125
gray000005 0.004132 151.769821 263.531342 163.936264 275.748871
gray000005 0.003743 199.137711 292.790649 207.997818 301.869324
gray000005 0.003318 157.926544 288.928497 171.213531 297.681732
gray000005 0.003107 215.360321 233.080078 226.486420 240.247894
gray000005 0.002997 165.203262 295.392517 178.960709 303.678223
gray000005 0.002242 217.795349 225.397003 238.374298 233.737274
gray000005 0.001891 158.464203 292.245514 185.249420 309.586945
gray000005 0.001869 149.900681 279.777344 163.133682 289.513306
gray000005 0.001861 155.050034 297.333374 189.423386 321.194092
gray000005 0.001667 221.666763 284.170593 254.645157 299.666870
gray000005 0.001648 150.194565 269.744019 164.472794 283.832886
gray000005 0.001612 151.085754 288.277008 161.910492 296.121185
gray000005 0.001331 148.475342 282.767365 180.274841 302.940765
gray000005 0.001243 164.789734 294.002411 181.037842 323.178864
gray000005 0.001219 174.052719 296.852631 187.271896 304.217010
gray000005 0.001073 148.077652 259.302124 167.503891 283.095825
gray000005 0.001045 194.869598 235.579849 247.400787 254.843063
gray000006 0.366485 317.667938 273.752838 342.359467 291.824310
gray000006 0.025781 319.072540 276.848633 337.276581 287.705994
gray000007 0.971266 154.296829 272.514954 213.548874 313.277649
gray000007 0.001057 164.745926 239.231094 260.152832 320.334198
gray000008 0.162923 327.246521 256.369995 364.721741 309.270386
gray000008 0.015689 77.168419 218.173126 109.653816 238.591675
gray000008 0.004648 318.155640 239.809662 374.884338 321.712189
gray000008 0.001236 183.094452 191.358856 197.005890 204.855682
gray000008 0.001050 337.649689 267.395233 357.205597 301.983185
gray000009 0.696344 381.919983 263.873718 414.408752 284.838745
gray000009 0.004144 380.693298 257.644226 425.339294 294.576233
gray000009 0.001832 339.418701 290.982452 417.275574 336.285858
gray000010 0.014204 173.713364 255.854996 254.995193 344.803406
gray000010 0.004305 169.293457 277.113220 234.626160 321.261475
gray000010 0.001863 435.548859 277.638947 452.389130 309.726776
gray000010 0.001393 427.682678 284.132263 447.103210 316.292114
gray000010 0.001188 316.596039 295.266907 368.316437 358.643555
gray000010 0.001058 347.478363 82.341148 449.747223 203.371796
gray000011 0.732634 128.296951 230.293594 158.389328 256.014984
gray000012 0.841012 72.722351 254.154480 195.583618 335.538696
gray000012 0.004115 29.799805 235.211136 221.642258 363.762146
gray000013 0.938144 133.785110 333.544373 193.910294 392.767639
gray000013 0.004609 209.027222 300.086792 250.906250 330.655884
gray000013 0.001443 325.179382 75.734360 427.424316 142.728806
gray000014 0.676821 190.100098 235.209686 208.583160 246.004181
gray000015 0.708683 326.344299 285.631042 372.288330 330.431702
gray000015 0.064339 339.206909 296.131683 359.392212 325.082977
gray000015 0.012413 101.497314 273.060150 168.575836 329.644562
gray000015 0.007573 271.055389 231.584396 281.700592 242.708389
gray000015 0.003118 262.870514 223.046951 277.037628 234.350174
gray000016 0.874819 86.499878 227.344940 189.984894 365.563080
gray000016 0.020321 280.694916 138.068695 406.247772 224.954163
gray000016 0.001135 316.676758 155.928909 420.853210 255.247238
gray000017 0.841183 233.830566 288.156006 265.883240 360.062378
gray000017 0.208817 225.195816 287.843201 253.942856 346.972717
gray000017 0.008949 243.036285 290.828644 276.438934 343.983002
gray000017 0.002923 259.225464 292.369141 292.989014 337.486755
gray000017 0.001363 294.784637 233.860199 304.565216 242.549286
gray000018 0.402426 113.040810 295.404572 148.240204 320.678131
gray000018 0.006165 121.715393 289.136932 140.026306 318.999054
gray000019 0.030741 246.997803 130.522461 418.014526 278.999817
gray000019 0.007127 58.967560 125.243149 219.394379 376.089539
gray000019 0.004734 319.761139 120.239113 398.088776 280.705139
gray000019 0.004347 169.574524 24.984585 385.097046 152.006912
gray000019 0.002006 82.897133 168.186844 194.337341 315.743103
gray000019 0.001422 269.870422 118.161957 327.845520 152.610229
gray000019 0.001069 355.562012 157.974213 430.518555 274.298035
gray000020 0.928822 118.700066 262.043182 176.112854 321.365082
gray000021 0.648788 349.270599 310.200256 366.999298 349.776733
gray000021 0.008908 340.467712 311.087585 379.442444 346.695679
gray000022 0.735780 301.934113 295.724731 343.803741 316.207825
gray000022 0.004478 312.515320 289.430420 333.955994 318.566284
gray000022 0.003861 301.558105 282.898590 352.482483 322.128021
gray000022 0.001124 306.997040 284.308197 331.122467 334.048065
gray000023 0.911804 309.493347 274.043945 337.543640 295.164185
gray000023 0.002589 310.007263 264.134735 348.372803 300.108612
gray000023 0.001897 119.606674 165.939087 227.787369 253.686646
gray000024 0.773388 289.291748 287.566681 362.939880 333.467072
gray000024 0.005473 121.408882 92.141022 283.256683 197.153778
gray000024 0.004907 321.709442 71.553024 418.039215 152.955902
gray000024 0.001581 296.477356 277.134338 335.994690 347.005188
gray000025 0.035636 204.315948 157.728119 347.045380 255.797638
gray000026 0.940628 102.205444 277.640167 174.695007 315.358551
gray000026 0.019889 108.037415 266.530762 187.070007 339.631592
gray000027 0.604911 195.034027 218.892593 248.943604 277.022461
gray000027 0.014031 203.352600 198.156631 284.661316 296.224670
gray000027 0.013699 234.254517 170.333527 315.377197 309.715149
gray000027 0.001436 259.745453 151.992630 352.179779 266.641479
gray000028 0.614928 195.155426 278.011688 247.821930 353.226471
gray000028 0.002747 206.912048 307.693542 238.724731 367.851440
gray000029 0.871613 286.861420 259.621429 328.077789 298.788849
gray000030 0.678830 76.247734 200.620850 231.159271 348.288879
gray000030 0.025018 115.546387 217.197830 191.624695 319.911377
gray000030 0.002221 341.227966 224.166855 420.992065 313.913391
gray000031 0.965161 160.690063 330.585388 197.193329 352.038635
gray000031 0.010174 153.596771 319.374847 198.247864 363.963654
gray000032 0.787796 155.290710 238.644241 189.842010 266.231537
gray000032 0.002500 171.921387 296.395203 204.379822 321.664368
gray000033 0.493980 205.881363 208.555374 216.561050 218.852615
gray000033 0.048663 329.248169 188.562088 384.681824 242.459579
gray000033 0.033145 202.854370 205.725998 219.090851 222.212234
gray000033 0.013844 320.035187 223.932526 327.268707 231.025604
gray000033 0.009154 191.075485 227.186340 221.134384 249.215546
gray000033 0.003756 322.328308 221.569168 330.126465 226.618942
gray000033 0.002554 329.086182 206.922882 368.511230 233.333954
gray000033 0.002207 237.685699 115.582077 369.665436 235.575394
gray000033 0.002090 288.479797 186.453461 387.966736 288.721130
gray000034 0.927732 124.133652 238.893402 181.181046 291.032318
gray000034 0.012441 130.830215 250.822968 183.341080 276.403900
gray000034 0.005377 110.379578 209.292953 190.829620 296.220093
gray000035 0.135660 132.347366 224.439880 226.233719 331.322083
gray000035 0.032110 138.638367 252.371399 222.968079 301.706177
gray000035 0.017119 65.224739 231.641571 232.917175 382.179901
gray000035 0.002065 72.754791 275.011902 160.361435 377.433777
gray000035 0.001364 264.064545 337.719696 297.130341 389.145844
gray000036 0.861336 135.365341 245.182083 148.676743 255.452042
gray000036 0.257071 132.726288 241.868607 150.847076 258.992950
gray000037 0.937691 147.640198 327.969666 202.368988 384.305420
gray000037 0.008838 316.697601 297.929443 411.524200 382.300049
gray000037 0.007744 155.052216 322.426331 243.850128 401.983826
gray000038 0.504794 312.286682 289.855194 407.783813 379.736786
gray000038 0.018681 68.648758 247.904572 142.912369 347.407135
gray000038 0.012055 336.302582 300.243164 380.372650 379.814087
gray000038 0.003303 167.907593 178.127487 317.747070 290.273193
gray000039 0.024642 142.488419 310.005646 165.802628 356.693390
gray000039 0.023944 210.757324 242.952271 216.437103 248.575745
gray000039 0.004659 156.377731 321.599243 173.466019 356.872131
gray000039 0.003778 311.119019 254.655151 323.705933 267.980347
gray000039 0.003585 292.525970 248.137375 326.014740 273.694397
gray000039 0.001904 302.094604 245.509125 317.847168 275.196381
gray000039 0.001903 128.371185 308.488281 178.639496 355.491821
gray000039 0.001766 164.687881 322.676422 180.130966 356.354218
gray000039 0.001307 292.631836 237.520782 309.722778 268.455078
gray000039 0.001106 283.040375 242.575378 319.697052 264.903778
gray000039 0.001010 143.730759 316.294342 155.471695 348.902496
gray000040 0.562448 135.014816 219.720627 152.030136 251.046829
gray000040 0.003131 126.224937 217.869675 167.927353 251.068710
gray000040 0.002247 171.663467 148.035995 207.209702 169.121750
gray000040 0.001742 128.034927 204.172760 155.194962 242.708588
gray000041 0.817153 158.637207 257.097473 216.337311 304.768127
gray000042 0.606624 131.168945 272.447845 160.891327 296.654755
gray000042 0.030586 127.226288 268.135498 174.848785 312.235352
gray000043 0.812090 174.437775 228.687103 207.878418 292.868073
gray000043 0.017845 162.531281 219.796997 218.515472 305.478699
gray000044 0.517678 180.591782 277.096008 219.032089 305.158630
gray000045 0.844528 95.733246 238.971069 202.897003 363.476990
gray000045 0.008309 111.093048 265.339539 187.191559 330.087891
gray000046 0.304871 241.141388 197.305206 250.417175 208.476776
gray000046 0.107710 82.945816 159.885468 216.419876 338.209808
gray000046 0.038913 174.978577 239.967697 187.645569 247.929550
gray000046 0.031407 236.806900 187.603119 252.106094 209.796356
gray000046 0.002471 87.715645 209.964005 159.222687 323.772400
gray000046 0.001197 176.934525 235.361053 185.670181 243.733276
gray000046 0.001101 171.152542 236.000671 189.185257 251.798279
gray000046 0.001046 180.789719 241.206543 192.456314 248.883453
gray000047 0.053185 256.006104 302.967194 305.089172 361.836090
gray000047 0.003129 168.757141 213.227112 253.634552 272.914429
gray000048 0.010843 21.578903 360.421600 31.848625 368.036957
gray000049 0.923634 164.369598 273.002747 210.245453 316.560120
gray000050 0.868935 59.904564 250.833862 122.555656 291.619080
gray000050 0.005007 54.385567 262.456146 104.245781 287.044586
gray000050 0.001176 73.616821 255.590088 94.695160 285.854431
gray000051 0.665892 329.729401 278.949921 390.102386 341.174530
gray000052 0.705265 113.381203 191.978531 165.070023 233.410934
gray000052 0.614563 118.727142 203.631332 162.113525 223.373856
gray000053 0.334612 211.760727 156.993210 334.100739 249.552200
gray000053 0.080899 224.641037 151.263794 277.841370 250.006683
gray000053 0.010739 192.891022 122.567909 348.466156 285.619080
gray000054 0.913851 125.337021 244.625046 179.580765 288.171051
gray000054 0.190133 134.136734 257.932739 176.879013 281.678284
gray000054 0.016509 107.862305 223.375305 185.460876 310.243286
gray000055 0.404839 152.228546 230.587158 155.598419 233.647369
gray000055 0.369954 152.252411 232.760330 155.981476 235.005753
gray000055 0.026091 150.191971 229.868256 155.017044 233.654419
gray000055 0.013490 149.998840 232.194962 154.348541 235.077438
gray000055 0.002039 246.550476 234.518097 257.821320 242.671539
gray000055 0.001292 144.669342 249.591461 151.065094 252.289673
gray000056 0.738122 63.252380 247.602722 122.300186 290.014587
gray000056 0.351725 275.776306 305.167480 308.741394 327.420959
gray000056 0.053715 60.717201 258.288910 108.858345 282.857269
gray000056 0.007895 279.661896 294.722687 310.379608 339.355743
gray000056 0.005175 74.099167 255.394714 124.798004 278.966003
gray000056 0.001354 278.308350 310.799194 295.463989 322.320679
gray000057 0.966473 247.447510 217.162537 311.030701 252.226135
gray000057 0.004390 223.840912 223.331268 329.756134 313.647247
gray000058 0.672425 165.692200 225.759766 194.340942 271.776062
gray000058 0.003835 179.461548 229.497101 192.817474 276.294037
gray000058 0.001481 151.283020 222.036758 213.028992 278.323120
gray000059 0.948369 138.468079 248.493134 221.773651 355.952667
gray000059 0.059559 140.948334 273.385132 204.917603 330.486389
gray000059 0.005855 104.749405 199.087326 113.886642 209.511124
gray000060 0.902943 97.202026 227.368423 154.275467 273.471375
gray000060 0.003643 94.445953 228.454422 195.416046 299.232208
gray000061 0.791331 225.124207 318.188934 294.124023 367.091949
gray000062 0.839623 107.771866 296.400726 138.262527 319.521210
gray000062 0.002166 100.144485 285.009949 143.749237 321.364258
gray000063 0.559978 319.521545 273.596130 349.375061 300.601929
gray000063 0.110927 312.397552 263.436768 358.274750 309.405640
gray000063 0.001559 310.533813 243.651672 370.870911 324.042053
gray000064 0.805154 343.528015 157.979126 423.898560 279.776733
gray000064 0.008278 345.160950 186.058777 430.889099 242.196716
gray000065 0.637053 145.867310 293.047394 162.749481 305.178986
gray000065 0.006272 1.510674 200.878723 8.940153 258.434753
gray000065 0.001072 399.285645 218.155289 484.489380 255.465256
gray000066 0.026802 195.120407 102.474060 292.773346 201.648254
gray000066 0.025203 224.081436 258.550629 269.908997 303.883026
gray000066 0.021686 220.695068 189.703644 318.548950 338.208954
gray000066 0.014572 210.634369 265.816711 262.215759 320.377075
gray000066 0.005440 217.670105 272.584839 257.712769 299.235962
gray000066 0.002020 247.529419 240.085327 313.342773 290.005005
gray000066 0.001838 253.025742 236.924927 276.366394 287.493103
gray000066 0.001771 227.721191 286.090210 259.725525 314.377075
gray000066 0.001649 219.641113 237.811081 276.260376 322.633728
gray000066 0.001193 184.075409 130.200378 256.833588 212.275330
gray000067 0.790788 206.760864 349.838135 229.507874 370.471008
gray000067 0.002156 193.771606 9.565678 349.769287 89.663025
gray000067 0.001062 160.056213 2.448219 386.370789 145.813690
gray000068 0.037191 117.499222 185.339233 193.041763 305.774628
gray000068 0.029095 62.806824 165.932510 229.553711 312.611572
gray000068 0.019308 56.752743 184.069519 130.327621 225.090942
gray000068 0.003950 53.896049 159.914459 133.041077 245.534790
gray000069 0.730363 118.558289 215.537827 167.880768 263.621277
gray000069 0.015045 107.003220 199.242432 179.506790 286.500977
gray000070 0.984724 354.488464 330.671265 389.984314 349.291748
gray000071 0.004060 159.635666 343.432861 206.001999 375.446594
gray000071 0.003279 165.199753 354.199799 195.179672 373.960480
gray000071 0.001014 137.706238 348.120819 176.001190 364.440277
gray000072 0.742124 140.761200 277.367493 186.211029 324.447815
gray000072 0.248090 147.279129 286.682098 179.288193 314.840424
gray000073 0.530060 206.927582 163.260071 291.180359 206.725128
gray000073 0.039296 214.941986 153.951538 308.929169 192.654572
gray000073 0.024115 228.095642 219.242355 317.474182 326.229797
gray000073 0.017678 205.846588 150.996353 328.193390 219.164597
gray000073 0.005357 207.239548 185.709732 292.112183 281.149841
gray000073 0.003888 315.750793 209.311218 421.263489 320.318115
gray000073 0.001298 209.550583 177.269974 267.679413 198.071213
gray000073 0.001213 216.558899 189.063782 382.726746 338.361816
gray000074 0.009713 89.631561 108.518356 256.557373 261.237549
gray000074 0.003203 98.857140 168.323410 204.056061 255.664993
gray000074 0.002634 361.233368 288.417664 393.371735 335.764893
gray000074 0.001247 471.734100 425.946869 482.892914 431.264984
gray000074 0.001099 105.776283 204.382492 192.482239 264.402435
gray000075 0.838909 297.275665 275.709961 375.812592 378.556213
gray000075 0.041616 311.478973 288.429352 347.535309 371.204132
gray000076 0.676325 179.548187 106.862152 314.303864 269.392303
gray000076 0.001171 228.791534 44.583305 367.307159 206.387054
gray000077 0.005934 220.952805 175.579590 236.700363 187.528442
gray000077 0.004224 324.143402 105.525253 415.407745 186.354263
gray000077 0.002736 129.563812 127.040848 233.681915 224.150589
gray000077 0.002691 106.969315 116.564453 323.913940 239.079346
gray000077 0.002585 327.172302 139.061005 424.547913 217.645416
gray000077 0.002546 213.078781 172.597336 241.840500 188.935562
gray000078 0.663146 317.750122 222.012741 401.961182 316.364349
gray000078 0.026642 335.806091 237.727386 381.184753 312.222626
gray000079 0.288675 99.373688 64.439468 394.276917 338.821167
gray000079 0.046412 133.273376 109.060585 303.386505 264.888092
gray000079 0.008600 204.071060 109.033287 390.695496 266.448578
gray000079 0.001464 354.506134 201.845871 388.240631 223.385971
gray000080 0.686452 347.812592 251.245712 380.235809 333.771851
gray000080 0.026860 329.619690 241.279144 399.145813 342.027618
gray000081 0.947126 136.979370 264.334961 193.274323 318.615906
gray000081 0.002368 131.690643 279.902618 197.769287 306.293854
gray000082 0.028721 273.269806 282.558319 301.110748 306.332794
gray000083 0.276014 125.900703 326.060547 159.028427 375.758362
gray000083 0.004483 116.958298 312.854858 180.612350 385.502014
gray000084 0.514208 134.510147 222.006607 152.540573 251.015762
gray000084 0.007944 126.242867 216.898911 171.366196 251.300766
gray000085 0.948369 138.468079 248.493134 221.773651 355.952667
gray000085 0.059559 140.948334 273.385132 204.917603 330.486389
gray000085 0.005855 104.749405 199.087326 113.886642 209.511124
gray000086 0.969363 139.339462 240.699890 195.796585 285.360535
gray000086 0.001792 116.052383 204.637146 190.638382 295.586884
gray000087 0.941080 252.481308 121.932610 372.835876 254.570770
gray000087 0.504174 150.301895 127.234390 278.702332 232.759262
gray000087 0.002033 271.903809 166.378906 350.920410 227.523438
gray000088 0.576007 320.618805 212.311890 388.870758 264.837006
gray000088 0.001776 120.408493 65.937019 299.259521 226.242767
gray000089 0.870735 107.866547 259.117645 169.582916 312.022369
gray000089 0.032999 102.524498 240.787766 184.864746 345.018127
gray000090 0.224333 191.855835 206.057770 302.304993 328.750702
gray000090 0.021970 220.310074 267.670868 280.777954 322.301605
gray000090 0.008053 136.419800 173.923141 303.093292 361.774292
gray000090 0.002786 222.761780 245.613647 314.387756 340.277039
gray000090 0.001035 213.399109 234.958435 282.903351 299.121277
gray000091 0.935885 169.760727 138.568451 297.111084 269.526031
gray000091 0.001113 177.339935 225.454285 231.460388 276.781219
gray000092 0.402426 113.040810 295.404572 148.240204 320.678131
gray000092 0.006165 121.715393 289.136932 140.026306 318.999054
gray000093 0.359171 295.820496 203.386398 324.349487 269.523163
gray000093 0.057035 264.439911 180.704041 345.320953 287.100800
gray000093 0.004777 308.614502 217.571045 322.522339 257.986511
gray000093 0.003672 235.959747 146.394196 327.611115 281.415802
gray000093 0.002581 174.975220 99.701767 326.518005 203.761856
gray000093 0.001532 301.995697 224.613113 319.372589 260.251709
gray000093 0.001490 222.459412 215.436798 244.732666 275.395569
gray000094 0.087249 322.146790 280.481476 362.606567 303.677643
gray000094 0.037210 319.535004 267.141571 364.763580 320.552765
gray000095 0.926403 139.559174 248.098297 185.077301 292.073029
gray000095 0.001209 152.789734 250.587021 172.837463 285.096619
gray000096 0.911865 370.519897 248.485611 414.796265 290.964661
gray000096 0.007156 383.564606 256.496307 404.806549 286.030304
gray000096 0.001041 218.858276 76.131767 395.049133 218.678925
gray000097 0.936828 389.005310 321.029907 422.391296 346.637634
gray000097 0.002005 1.051375 141.187592 8.046038 189.091583
gray000098 0.509259 188.534073 250.271484 248.516586 342.502014
gray000098 0.007760 176.654434 236.269165 287.137512 326.052612
gray000098 0.001520 214.435760 220.552902 331.168427 337.452057
gray000098 0.001386 259.501984 229.220566 343.408600 319.744324
gray000098 0.001092 207.709824 253.647751 244.616470 316.458679
gray000099 0.368767 55.901913 241.628525 125.634888 283.000763
gray000099 0.012288 81.068916 191.541321 135.957962 246.585602
gray000099 0.003979 69.812309 249.077896 116.570259 274.180511
gray000099 0.001736 63.271381 206.792725 144.131760 281.357941
gray000099 0.001376 65.923248 251.146515 136.712051 297.966034
