gray000000 0.174726 195.960342 260.943298 286.653687 352.568176
gray000000 0.140282 209.299240 303.375427 282.142029 353.465271
gray000000 0.033803 183.254898 179.755920 300.303131 365.228088
gray000000 0.002137 217.016205 285.147949 256.100739 346.223572
gray000000 0.001337 211.562500 278.322876 282.225952 322.810913
gray000001 0.778736 381.107635 264.616486 415.754425 286.140289
gray000001 0.002056 381.158844 255.821030 422.466705 296.369843
gray000002 0.951746 129.966644 337.626892 197.999908 384.926147
gray000002 0.004350 133.656479 351.251556 182.993607 375.885895
gray000003 0.807424 270.282959 281.665466 301.385071 305.793457
gray000003 0.002623 271.157928 271.201233 308.038849 316.636047
gray000004 0.550213 126.261818 308.558838 160.007019 329.525452
gray000004 0.012118 114.798103 304.678925 168.456375 334.761932
gray000004 0.007137 137.573166 312.959473 155.600815 325.282471
gray000004 0.006094 175.141327 503.937714 218.853577 511.844818
gray000004 0.001146 189.037231 504.569489 204.825104 512.000000
gray000004 0.001077 103.042641 211.052185 110.528786 217.300354
gray000005 0.007211 154.166992 257.322876 213.649872 298.280457
gray000005 0.004069 217.082855 346.233429 224.314301 352.098297
gray000005 0.003262 222.783356 345.031097 231.065399 352.093292
gray000005 0.001672 147.772217 252.527344 266.139496 349.744019
gray000005 0.001570 166.486023 243.033096 232.503143 291.143616
gray000005 0.001340 176.627792 222.533859 184.917892 230.877213
gray000006 0.396437 322.736359 276.734070 339.621979 290.613342
gray000006 0.068310 207.817795 279.277466 216.580643 288.167175
gray000006 0.007289 318.487213 271.344513 337.970551 296.397003
gray000006 0.002174 171.872421 232.855316 175.900375 237.265167
gray000006 0.001863 53.476318 130.783890 431.298126 408.216797
gray000006 0.001000 203.518784 279.376068 212.809525 287.029327
gray000007 0.884309 148.633942 271.832062 211.116180 320.160492
gray000008 0.536555 323.851501 258.675385 369.324646 300.478851
gray000008 0.005023 299.025818 237.790543 380.638916 310.642639
gray000008 0.002008 332.645599 276.350037 361.312592 304.836243
gray000008 0.001448 330.067505 258.445892 364.950378 283.202057
gray000008 0.001153 337.800354 262.457367 357.867432 292.653290
gray000009 0.757959 382.274841 264.013245 412.813354 279.712524
gray000009 0.003010 375.857544 259.985046 417.535889 292.625610
gray000010 0.046642 172.841034 253.792862 204.817017 307.680237
gray000010 0.005819 324.861267 314.233551 357.727966 336.311615
gray000010 0.005708 279.875854 294.228729 382.255371 380.001740
gray000010 0.004644 167.651062 234.586655 209.058533 330.112488
gray000010 0.003871 159.500153 327.415527 168.078491 337.580750
gray000010 0.002953 153.586029 326.984985 162.319641 340.788086
gray000010 0.002865 145.904678 259.749420 262.420532 345.287323
gray000010 0.002291 264.194061 274.453217 360.101349 354.759857
gray000010 0.001282 131.935776 246.975616 235.057388 311.245270
gray000011 0.335282 129.649963 232.321686 157.342255 258.579620
gray000011 0.001126 409.807312 264.312408 414.993958 275.716400
gray000012 0.973683 74.691460 265.135620 206.133636 327.832214
gray000013 0.974794 130.114380 331.817688 198.711792 396.561096
gray000014 0.597382 189.592285 235.573532 206.240631 247.669266
gray000014 0.001256 190.053116 232.192322 212.550339 252.047577
gray000015 0.688063 328.411591 290.169769 372.743011 334.907562
gray000015 0.145512 334.251740 298.608215 366.853851 323.687439
gray000015 0.005667 341.602173 296.178802 358.776794 331.197845
gray000015 0.001351 111.281822 273.325928 138.007339 325.357422
gray000016 0.897140 94.175819 244.697861 189.044708 343.431946
gray000016 0.002834 46.670677 232.945374 234.170319 358.715149
gray000017 0.859858 234.144302 289.353027 270.206635 360.407288
gray000017 0.004732 281.893951 282.504852 306.990021 347.744049
gray000017 0.001318 224.000290 290.069397 256.908356 347.872742
gray000018 0.210577 118.131813 293.019287 136.740631 323.686890
gray000018 0.022015 116.377556 288.093658 148.341125 329.084991
gray000018 0.006670 127.423981 266.479431 209.364105 341.368347
gray000018 0.002684 120.623756 299.322754 132.241943 318.706726
gray000019 0.036513 294.274963 146.330719 423.695740 259.803833
gray000019 0.003148 85.760506 286.264008 124.750298 336.347504
gray000019 0.002454 88.384712 301.554626 192.760498 370.915649
gray000019 0.002246 64.057175 266.485596 165.450638 344.690308
gray000019 0.002103 76.479820 202.800201 205.334961 273.511505
gray000019 0.002051 71.696907 159.849243 205.941467 330.789062
gray000019 0.001995 54.297440 231.577148 185.392258 316.273682
gray000019 0.001485 97.966621 292.051361 146.279297 330.520050
gray000019 0.001296 196.999634 43.807083 512.000000 491.684021
gray000019 0.001125 96.446350 263.221039 145.633270 300.302887
gray000020 0.838830 116.795746 259.205231 184.178497 324.388397
gray000021 0.521757 347.737000 310.085388 367.375427 350.380859
gray000021 0.020311 334.401581 308.215820 378.962921 350.927063
gray000022 0.493633 306.596710 292.647614 337.920319 315.490631
gray000022 0.001933 300.478363 284.338684 339.031525 333.101562
gray000023 0.900933 311.277344 274.852509 336.542725 296.585419
gray000023 0.125312 125.739754 287.016541 141.425095 313.459900
gray000024 0.880578 293.861786 286.479919 364.795502 331.647034
gray000024 0.001585 287.110413 240.652161 378.230957 331.558533
gray000025 0.001892 109.469849 130.478302 375.052155 512.000000
gray000025 0.001619 89.791962 176.410645 96.352982 180.022552
gray000026 0.957960 108.683441 275.417664 176.160461 316.925781
gray000026 0.001243 117.517693 282.433105 165.313538 305.192810
gray000027 0.472416 200.235565 220.260223 252.711273 278.045227
gray000027 0.001203 180.071533 222.526749 286.725616 301.249542
gray000028 0.683511 202.931824 288.518372 241.149323 362.310181
gray000029 0.780117 290.168152 261.906708 329.540100 294.401520
gray000030 0.741436 107.242828 206.097610 221.174408 334.635376
gray000030 0.021135 353.950714 232.023026 407.830475 245.483475
gray000030 0.001669 362.473145 224.896408 429.951050 313.361206
gray000030 0.001137 122.697380 214.795532 185.959961 314.956299
gray000030 0.001081 350.851837 226.741577 405.586884 264.990356
gray000031 0.876905 161.326889 327.919342 196.956650 352.438446
gray000032 0.341999 160.407104 234.313995 188.286407 275.320770
gray000032 0.001061 349.002594 206.919220 401.334381 256.297241
gray000033 0.646192 204.447983 204.715775 217.886093 218.329178
gray000033 0.001310 57.413784 263.727753 163.617981 339.784332
gray000034 0.952053 126.283424 237.257248 182.130768 283.887421
gray000034 0.013019 119.549515 227.003540 206.810043 297.314636
gray000035 0.681157 146.713745 230.895248 219.803772 305.214661
gray000035 0.002467 230.727463 366.532898 243.406601 378.233948
gray000036 0.966288 133.987869 243.849716 147.821915 255.674423
gray000037 0.972768 148.010101 331.485870 203.945038 389.214874
gray000037 0.003048 327.176025 292.444397 405.625305 375.361694
gray000038 0.757062 320.561554 298.121826 395.286469 373.381836
gray000039 0.022177 91.244377 294.503662 186.469330 373.662109
gray000039 0.001154 137.192139 124.329544 411.141174 356.698425
gray000040 0.710940 137.956955 220.268539 154.331314 252.863327
gray000040 0.004611 240.851181 166.183578 253.874405 178.330460
gray000041 0.738376 159.033585 258.219727 219.110855 307.246643
gray000042 0.439841 137.322601 268.757111 155.552460 299.249298
gray000042 0.003779 128.156631 265.339691 159.426071 304.954315
gray000042 0.001281 137.688812 275.566071 148.502045 295.045624
gray000043 0.562514 175.825974 234.243057 214.848068 292.388519
gray000043 0.008274 160.505539 232.804749 245.495865 309.334167
gray000043 0.001473 393.383728 255.844025 425.546204 304.980988
gray000043 0.001030 170.426834 247.853516 221.419876 275.667480
gray000044 0.595523 180.583984 280.892700 215.973450 304.388672
gray000044 0.447297 179.679718 270.994019 222.886444 315.494080
gray000045 0.898582 97.217957 267.363464 202.283264 350.038147
gray000045 0.002171 106.934387 305.036987 194.581604 340.356079
gray000045 0.001183 126.424652 314.589355 172.931030 335.201477
gray000046 0.009096 73.823807 239.438263 199.896683 322.348724
gray000046 0.001504 100.545197 250.155411 136.660416 314.993164
gray000047 0.683668 260.474854 321.719299 308.515381 368.979187
gray000047 0.002156 258.142365 341.881012 297.673859 367.514679
gray000047 0.001729 273.709442 328.471100 293.622955 367.937164
gray000048 0.004123 323.022736 287.272644 329.004791 293.523193
gray000048 0.002011 368.587982 290.176239 374.370087 295.404694
gray000048 0.001246 324.344818 282.202026 328.455719 292.680298
gray000049 0.817994 162.092896 273.890930 207.422943 314.716003
gray000050 0.812724 72.044434 252.116455 127.064240 290.293823
gray000050 0.009332 67.834129 233.517334 146.545776 305.618591
gray000050 0.003077 76.949509 261.633179 110.931458 286.882507
gray000051 0.936203 329.265503 277.823090 392.658752 343.549408
gray000052 0.809908 116.915054 195.306335 163.970749 234.313568
gray000052 0.004509 129.798355 201.296936 150.947708 227.776886
gray000053 0.069693 196.225632 162.640442 301.695587 235.272034
gray000054 0.919793 127.213638 243.371475 180.243668 288.594421
gray000054 0.036240 134.308105 255.910355 175.660980 280.908997
gray000055 0.876732 152.725616 229.750702 157.249023 235.579071
gray000055 0.001508 151.055786 230.720123 154.672638 236.201141
gray000056 0.809502 70.693588 252.828339 132.437485 285.118622
gray000056 0.003482 81.820480 253.935913 104.713715 283.192322
gray000056 0.002367 61.318264 235.116043 150.947250 306.786804
gray000057 0.916389 247.345947 218.026627 314.714417 253.126755
gray000058 0.746839 166.192230 223.147812 196.570953 276.705139
gray000058 0.003880 158.076035 214.627686 208.152054 288.821930
gray000058 0.001337 165.197845 232.401596 185.183899 270.928070
gray000059 0.969106 139.094940 262.545471 212.871429 345.992065
gray000060 0.845912 104.456284 223.966080 164.946182 277.867371
gray000060 0.015432 107.479851 239.777100 159.229218 265.641449
gray000061 0.727982 226.751144 315.920837 295.823608 366.712036
gray000061 0.002187 215.192276 292.655151 284.965210 342.320435
gray000062 0.777497 107.854202 294.585938 138.682373 322.993042
gray000062 0.014016 401.958923 330.458557 411.257690 336.920410
gray000063 0.513606 320.619720 274.014618 345.097504 301.449005
gray000063 0.266498 337.343719 221.832001 349.799530 233.232483
gray000063 0.102342 317.953522 263.252930 349.773163 317.444214
gray000063 0.002521 339.014618 220.123062 352.983063 228.917313
gray000063 0.001940 338.861511 218.322388 354.451843 237.523834
gray000064 0.838514 337.791443 178.151611 427.732300 252.216034
gray000065 0.648934 144.939804 290.627289 163.282028 301.867401
gray000066 0.421541 212.886566 231.170990 225.113831 240.895447
gray000066 0.346848 212.755249 265.666321 258.371460 306.550232
gray000066 0.008848 210.838776 230.574020 219.482422 241.098160
gray000066 0.006876 210.603455 260.472473 236.370758 311.367004
gray000066 0.006451 295.493561 295.647308 329.659515 335.647980
gray000066 0.003088 225.915085 268.397125 246.432236 301.429657
gray000066 0.002768 210.840698 227.284912 229.571075 245.513550
gray000066 0.002565 207.278961 254.355438 282.658783 336.156586
gray000066 0.001398 220.722610 244.713882 252.019882 263.457642
gray000066 0.001255 203.470932 272.873749 243.606064 299.038544
gray000067 0.483308 206.790802 349.911194 229.375977 370.759094
gray000068 0.378313 52.787750 106.558800 234.141907 323.607178
gray000068 0.017085 115.861786 175.912888 225.414612 293.965668
gray000068 0.012590 49.174438 182.410721 131.892517 230.540115
gray000068 0.008187 46.309753 165.954544 177.406387 256.903381
gray000069 0.933939 115.287598 223.095108 170.250397 266.032532
gray000069 0.045271 123.269623 231.972961 162.133423 257.337311
gray000069 0.001858 131.543991 223.727432 153.027817 264.005066
gray000070 0.947017 355.662476 328.741211 388.520325 349.361328
gray000071 0.001843 336.528992 257.780121 346.781433 268.178619
gray000072 0.710115 138.174133 279.683258 190.089355 324.022369
gray000072 0.228738 144.614014 289.258301 182.043488 314.899170
gray000072 0.022620 153.398438 283.700745 173.913757 319.925842
gray000073 0.270456 224.989685 255.839798 330.107910 333.897064
gray000073 0.056188 248.826965 284.121277 313.135925 334.523132
gray000073 0.001584 203.315704 180.139740 344.398651 221.273193
gray000073 0.001509 286.121155 201.113953 505.176941 345.691956
gray000073 0.001478 201.394730 241.321198 259.284241 286.293671
gray000075 0.463061 298.083313 284.548401 365.165283 365.907532
gray000075 0.001514 315.222687 285.777710 345.304596 354.466125
gray000076 0.294821 178.360809 98.829895 318.445404 277.509613
gray000077 0.003308 304.647614 295.424133 357.795807 333.777771
gray000078 0.239252 333.658264 228.461746 389.375793 324.118591
gray000079 0.186039 117.854385 80.242348 431.825745 322.175171
gray000079 0.001301 124.530212 158.925247 230.561676 254.868820
gray000080 0.555153 348.621826 247.636292 383.049744 334.936096
gray000080 0.003262 327.126404 246.487610 401.982056 342.154236
gray000081 0.941539 136.832001 258.432922 197.927643 329.122131
gray000082 0.588631 271.855713 287.645782 300.833069 310.140106
gray000082 0.004541 278.854858 292.825287 293.510742 306.591339
gray000083 0.612559 131.141190 329.250671 165.296036 379.998901
gray000083 0.002823 123.525551 342.847900 162.952759 368.584717
gray000084 0.672581 137.766678 220.174957 154.340073 254.615509
gray000084 0.014967 241.010239 165.962326 255.300522 176.999008
gray000085 0.969106 139.094940 262.545471 212.871429 345.992065
gray000086 0.956959 141.944412 237.421692 196.621964 287.110107
gray000086 0.001202 144.358765 253.938263 188.622498 278.752472
gray000087 0.964507 260.675354 130.492615 365.403687 241.063416
gray000088 0.843339 319.318634 211.457123 379.926483 274.894806
gray000089 0.882424 108.989578 257.635712 169.118515 314.168121
gray000089 0.001500 116.459915 260.325958 209.031387 327.926788
gray000090 0.522149 201.737274 227.201035 298.026031 314.324768
gray000090 0.010522 173.812531 196.037109 317.738068 350.586609
gray000090 0.001846 205.973190 237.548599 271.724335 294.787170
gray000091 0.479200 145.505493 133.951874 328.901001 294.584198
gray000091 0.070651 190.295624 183.079849 291.157471 288.328796
gray000091 0.039514 188.238541 228.974640 220.955185 276.239960
gray000091 0.011027 185.237549 247.415848 225.738922 271.031799
gray000091 0.005675 191.245819 233.952972 238.336700 288.327850
gray000091 0.001373 181.985062 205.697327 247.743637 293.882690
gray000092 0.210577 118.131813 293.019287 136.740631 323.686890
gray000092 0.022015 116.377556 288.093658 148.341125 329.084991
gray000092 0.006670 127.423981 266.479431 209.364105 341.368347
gray000092 0.002684 120.623756 299.322754 132.241943 318.706726
gray000093 0.399806 292.906708 213.415634 327.776093 264.699463
gray000093 0.045452 266.427246 198.159073 340.872314 281.055328
gray000093 0.034410 190.822449 102.525429 205.498871 114.987312
gray000093 0.023030 196.935608 102.838692 207.427124 112.588387
gray000093 0.001782 185.816254 100.829552 209.366058 119.329704
gray000093 0.001306 196.123856 95.948776 209.910782 122.126770
gray000095 0.582261 143.299454 250.404251 182.759171 290.043457
gray000095 0.002175 16.758627 437.015503 26.318846 450.839722
gray000096 0.472075 371.767456 262.353424 410.180786 286.511139
gray000096 0.002592 357.243225 256.055908 411.721863 296.866821
gray000097 0.664030 389.677948 318.221222 421.411652 344.187042
gray000097 0.506225 385.666962 306.786102 429.212860 354.498810
gray000098 0.525015 193.411041 248.733307 243.942413 341.372162
gray000098 0.005131 194.903290 307.033539 242.853973 352.119110
gray000098 0.004296 268.614197 231.325424 329.657898 273.619476
gray000099 0.394708 64.069817 244.028412 122.295555 289.058258
gray000099 0.020608 49.656666 231.591934 165.219971 302.390533
gray000099 0.009158 71.123901 254.825027 116.232956 280.328888
gray000099 0.001035 186.580780 191.760437 191.293915 197.572052
