gray000000 0.666660 193.576996 272.473938 290.804657 353.923523
gray000000 0.003462 193.200470 115.064056 198.645050 122.468216
gray000000 0.001612 181.303711 207.936890 303.792267 404.173279
gray000000 0.001290 193.809692 120.094353 197.942383 124.357536
gray000001 0.715169 380.427734 257.978546 416.780701 285.385712
gray000002 0.849435 127.789909 336.766449 197.965973 378.632538
gray000002 0.007206 124.455620 308.426331 208.191559 391.557312
gray000003 0.561141 270.035309 278.056305 304.259369 305.709625
gray000004 0.619484 131.075745 304.791870 163.392120 334.540588
gray000004 0.007679 172.346100 503.507141 221.309021 511.846008
gray000004 0.002893 189.577057 504.376892 204.543243 512.000000
gray000004 0.001869 297.746429 504.007721 349.629913 512.000000
gray000004 0.001142 314.600342 504.403625 333.787354 511.555603
gray000004 0.001083 141.822189 504.429871 154.979141 512.000000
gray000004 0.001081 127.309280 500.823608 170.399887 512.000000
gray000004 0.001050 176.544846 490.129303 216.332962 512.000000
gray000005 0.074752 177.937119 222.214890 185.989304 229.625992
gray000005 0.004353 182.110580 222.847519 191.127640 229.623001
gray000005 0.003310 182.887344 218.386993 190.835159 227.778137
gray000006 0.753099 207.206985 281.355560 214.486893 286.606903
gray000006 0.446615 317.684479 273.625061 344.849274 293.539124
gray000006 0.174397 324.495483 276.602905 339.458618 290.161316
gray000006 0.001800 314.038574 264.693207 342.450012 301.773529
gray000007 0.760192 149.000534 270.697205 212.870102 312.834290
gray000007 0.003995 137.924103 259.040253 227.591278 326.683014
gray000008 0.351719 329.274780 252.391937 361.484680 302.821625
gray000008 0.001582 284.729279 227.091461 395.362213 321.350922
gray000009 0.898873 381.968140 261.034454 414.233398 279.879486
gray000009 0.004604 387.845612 264.878815 408.550140 274.501190
gray000011 0.687179 129.036957 231.005005 157.936340 260.451416
gray000012 0.968647 56.887207 261.095123 216.451172 327.735077
gray000013 0.943373 127.579979 332.545715 198.133636 391.648804
gray000014 0.401095 190.352951 234.335693 209.065048 246.750366
gray000015 0.488255 329.222473 291.537628 371.725525 330.706696
gray000015 0.048824 341.071960 290.397125 359.511780 331.275848
gray000016 0.913464 85.010651 235.544464 191.491302 355.750397
gray000017 0.905026 234.676086 286.669495 270.428619 360.806702
gray000018 0.411302 115.725670 295.991028 146.898148 324.358459
gray000019 0.001307 231.636627 80.893387 328.288055 150.274780
gray000020 0.988910 116.846214 262.825684 180.640717 318.973755
gray000020 0.025120 25.925985 417.820221 84.562691 462.532928
gray000020 0.001819 11.975044 412.431824 76.735100 447.772034
gray000021 0.646998 349.899475 306.803375 366.502441 353.200592
gray000021 0.016594 343.783295 312.945007 373.273041 343.421875
gray000022 0.381360 306.825745 290.279785 341.417419 317.242432
gray000022 0.003187 302.898590 279.755066 337.632477 336.051880
gray000023 0.825501 311.755951 270.414124 338.353973 298.972168
gray000023 0.013144 124.340317 284.089355 144.121964 315.203064
gray000024 0.717980 291.330688 288.414215 366.110596 329.758698
gray000024 0.441228 279.569885 271.273010 380.652832 342.861328
gray000025 0.001457 90.726418 175.922684 96.770729 180.264145
gray000026 0.923265 105.354065 272.650330 180.411041 313.818359
gray000027 0.407744 200.663971 219.005890 253.569336 275.308472
gray000027 0.002664 176.172821 206.516861 266.788727 286.983002
gray000028 0.502650 191.889343 284.763153 252.817627 365.847809
gray000029 0.813027 289.676422 261.595428 330.578827 294.283112
gray000030 0.910817 87.270775 200.611069 225.773468 342.010315
gray000031 0.902449 159.958496 326.298187 199.250122 355.332611
gray000032 0.447026 157.030273 238.541809 194.311249 271.883667
gray000033 0.933754 205.024963 206.435837 215.597626 217.584885
gray000033 0.019351 203.391006 203.228455 217.477982 221.929077
gray000033 0.004634 265.596039 184.319809 276.025970 197.891708
gray000033 0.003768 265.454926 190.665848 274.613922 201.880508
gray000033 0.001487 201.435974 203.024750 214.903107 214.138794
gray000033 0.001379 263.470490 178.038116 277.476654 202.985840
gray000034 0.896500 129.465515 240.574661 176.826538 279.546143
gray000034 0.006279 109.670853 223.544876 190.834183 296.662476
gray000035 0.433079 134.756180 226.103348 229.055679 310.232147
gray000035 0.013667 269.496124 400.600555 285.046967 441.562469
gray000035 0.003559 146.931915 239.960785 196.521545 309.167938
gray000035 0.001961 262.125183 400.259277 279.095093 442.799988
gray000036 0.896784 134.669601 245.421829 149.233414 256.161377
gray000036 0.009220 130.872375 242.938965 152.606110 261.785583
gray000037 0.981696 146.019958 331.035065 204.260895 383.672089
gray000038 0.963796 313.784210 292.869385 402.389679 378.080261
gray000038 0.001039 335.950195 304.018860 382.245361 375.758423
gray000039 0.080423 94.099731 334.758789 103.443390 340.897339
gray000039 0.040982 95.507912 333.805603 102.426292 338.554626
gray000039 0.008419 139.658005 308.375488 144.352859 314.065918
gray000039 0.005370 136.500137 289.035156 163.661606 343.222961
gray000039 0.003928 139.742035 311.834290 144.332794 317.084900
gray000039 0.001989 143.232651 306.799530 151.440231 313.375214
gray000040 0.834424 138.618805 218.933136 153.373810 253.221008
gray000041 0.590726 171.153351 247.968948 205.784302 310.174377
gray000042 0.384519 129.832947 270.934998 162.605286 297.820190
gray000043 0.691438 173.597900 232.687027 210.377808 288.056946
gray000044 0.287189 186.683777 266.199554 217.425446 315.264069
gray000044 0.004855 192.130707 274.169861 212.133667 305.855408
gray000045 0.916173 84.595398 257.437439 209.149780 354.228577
gray000045 0.013116 106.559006 288.646484 194.988998 331.338989
gray000046 0.005978 56.170311 193.667084 235.619720 352.306000
gray000046 0.005875 324.065765 123.546082 401.565399 157.250305
gray000047 0.182422 131.159561 187.848236 164.749893 210.256958
gray000047 0.180823 256.643280 324.826569 311.180450 367.301117
gray000047 0.001648 137.442337 181.654404 168.475815 222.612930
gray000049 0.739262 161.928070 272.611786 209.057404 312.901642
gray000050 0.807922 57.126736 252.021103 128.704803 290.634949
gray000051 0.813596 329.848572 280.134735 389.981750 340.210236
gray000052 0.382311 119.267464 194.695953 167.058624 232.605591
gray000052 0.004436 131.705902 196.841782 152.504395 228.717758
gray000053 0.079694 211.950439 161.488266 313.279480 244.046829
gray000053 0.001883 178.010284 125.111794 318.431305 283.177582
gray000054 0.814893 128.135422 241.744415 178.368546 283.973969
gray000054 0.002975 107.934265 227.679031 192.451630 298.350037
gray000055 0.763456 152.091537 230.357391 155.381058 233.188110
gray000055 0.262325 150.445404 229.364914 154.928070 233.673752
gray000055 0.040482 150.178238 231.151291 154.274979 235.394363
gray000055 0.001282 234.122955 159.520569 241.425079 169.568726
gray000056 0.625666 63.093330 254.243912 126.685051 286.307495
gray000056 0.002354 75.365768 259.980621 110.517624 288.705719
gray000056 0.001261 311.572205 277.401245 343.396118 318.192017
gray000057 0.822620 248.884491 216.969498 316.966217 257.195343
gray000057 0.001876 228.953171 223.019089 321.748962 299.657288
gray000058 0.733308 165.825012 224.680878 196.312012 277.396301
gray000059 0.971778 128.409241 261.608246 225.843597 342.411224
gray000060 0.866239 104.249260 226.987045 161.809967 278.277222
gray000061 0.926951 217.650223 316.844482 291.542358 360.767334
gray000062 0.508313 105.777603 294.023987 138.979034 322.131226
gray000063 0.707872 320.625366 272.034119 348.117676 302.793213
gray000064 0.983632 329.684509 168.872223 434.224182 260.950867
gray000065 0.790448 146.042068 292.725281 162.101974 303.603943
gray000065 0.002006 142.826340 287.716949 167.371628 305.200653
gray000066 0.216741 212.249969 271.220306 254.859344 314.837311
gray000066 0.006362 204.014130 272.279938 243.298920 301.633087
gray000066 0.001580 219.086655 274.371643 272.399414 341.536011
gray000067 0.770324 206.889389 349.058960 230.146286 370.434204
gray000068 0.707700 39.465225 138.821838 244.182358 300.030853
gray000068 0.043460 41.314445 167.027344 179.876770 259.201447
gray000068 0.021251 48.873234 194.011978 135.779800 232.161057
gray000068 0.004834 118.772942 155.570618 213.185669 307.597504
gray000069 0.598661 126.032715 219.259644 160.301758 266.262024
gray000069 0.001073 103.928566 205.067459 186.985138 278.796936
gray000070 0.968271 353.227081 327.780334 393.102142 350.857361
gray000072 0.426623 138.304642 278.284119 191.314255 322.646790
gray000072 0.196451 155.585617 278.793243 172.856827 321.037201
gray000072 0.097873 148.072342 285.906433 181.676987 315.411804
gray000073 0.543978 216.138824 171.172104 309.014862 202.146927
gray000073 0.020309 197.265945 154.826767 309.714020 212.262711
gray000073 0.016429 211.473297 225.296417 324.812531 332.785858
gray000074 0.001866 179.535583 93.080933 420.868958 512.000000
gray000075 0.789876 284.002075 283.212921 367.922363 364.762848
gray000076 0.970384 181.164169 110.659714 314.243774 263.404846
gray000078 0.956739 313.061218 228.106415 410.063538 315.417328
gray000078 0.016575 340.619385 235.048843 379.062134 306.092499
gray000078 0.001176 269.212463 166.091370 300.563599 195.597839
gray000079 0.485622 122.569046 113.498116 402.060364 310.277100
gray000079 0.001130 137.657913 163.293381 351.127136 248.472519
gray000080 0.874545 349.866150 243.190811 383.134583 341.038330
gray000081 0.854336 139.820709 257.635834 195.323151 326.028778
gray000082 0.376315 270.817017 285.901703 302.848083 310.816803
gray000083 0.549998 129.519730 327.759949 165.125717 376.002625
gray000084 0.737219 138.330811 218.044739 153.258209 255.771637
gray000085 0.971778 128.409241 261.608246 225.843597 342.411224
gray000086 0.968891 141.716599 239.508698 192.240524 282.851410
gray000087 0.986649 247.334000 124.688942 368.961853 242.664307
gray000088 0.772623 315.311951 209.842712 383.693420 269.290619
gray000089 0.847952 110.862717 261.488312 169.507614 312.809052
gray000089 0.003173 95.660194 247.694809 184.907715 344.044830
gray000090 0.437346 182.546967 223.041901 309.869629 328.007599
gray000090 0.003525 203.436600 225.171249 271.300171 313.629272
gray000090 0.002148 223.918304 235.393890 229.571228 238.490906
gray000091 0.627575 156.648911 141.748657 318.593689 282.732025
gray000091 0.002101 164.270172 190.651581 275.168671 292.351105
gray000092 0.411302 115.725670 295.991028 146.898148 324.358459
gray000093 0.449273 293.800934 209.785034 326.730072 266.046936
gray000093 0.091974 251.282150 188.146072 358.342773 288.596130
gray000093 0.038772 190.964355 136.337601 359.706848 330.625061
gray000093 0.025438 282.124969 197.722412 338.020355 275.170135
gray000093 0.001698 134.172607 73.841080 416.277283 396.940674
gray000094 0.001194 163.100357 271.385223 180.324966 299.952362
gray000095 0.935889 138.765961 253.184647 187.543457 288.096527
gray000095 0.001141 152.887741 250.495209 173.560471 287.762970
gray000096 0.613203 370.195251 251.614365 415.490417 291.130463
gray000096 0.005752 381.012726 253.172516 402.055634 288.640289
gray000097 0.760721 384.519989 308.509033 427.871735 350.503723
gray000097 0.008476 394.416779 310.084595 417.083405 345.864746
gray000098 0.809259 190.584351 258.883301 246.462616 313.458191
gray000098 0.006388 167.279083 256.162292 268.372375 337.145569
gray000098 0.004685 247.200470 233.673599 368.961761 311.916901
gray000098 0.002539 273.496429 228.581528 345.857513 272.677521
gray000099 0.827681 55.927483 238.786819 122.471565 290.132874
gray000099 0.015561 32.833542 213.276474 126.794800 295.390198
gray000099 0.005059 6.889713 423.564178 79.290817 461.251007
gray000099 0.001941 68.699921 253.268448 118.384583 281.620270
gray000099 0.001293 1.000000 409.189941 83.242737 445.482788
