gray000000 0.368547 192.229324 267.256165 281.336029 341.905151
gray000000 0.001342 166.152267 237.093903 262.672058 320.780731
gray000001 0.640235 379.547119 260.048370 418.374084 283.441803
gray000002 0.790047 130.973862 338.062317 193.974930 384.133179
gray000002 0.002163 136.603897 349.389801 182.297867 376.322235
gray000003 0.602760 272.779816 278.742493 302.717133 303.942322
gray000003 0.018476 269.673431 265.322479 312.530243 308.751984
gray000004 0.424914 127.117386 306.719086 159.292770 329.267731
gray000004 0.018667 123.536453 298.686981 173.914200 333.741913
gray000004 0.002700 136.627213 312.796387 156.773148 324.342163
gray000004 0.001264 102.922989 261.254822 190.412949 360.894226
gray000004 0.001193 151.265076 318.871857 194.303253 344.712738
gray000005 0.946151 198.394791 287.014130 209.736618 299.044830
gray000005 0.182158 149.045013 263.754303 165.908417 290.040314
gray000005 0.134410 156.535355 256.806824 171.862198 283.109070
gray000005 0.023293 224.029831 283.169891 251.297287 301.367828
gray000005 0.015851 146.495255 262.607971 199.351486 301.474487
gray000005 0.015727 143.960449 271.381592 170.647736 294.502869
gray000005 0.007672 148.510941 276.606232 162.713913 288.747894
gray000005 0.006889 203.821503 229.262772 255.329651 273.433868
gray000005 0.005857 229.573563 287.039520 246.583908 297.553558
gray000005 0.005745 254.104294 211.083130 268.149139 226.846649
gray000005 0.004923 162.036545 256.115143 178.743088 283.358307
gray000005 0.004804 151.803162 262.612549 164.049530 278.221985
gray000005 0.004621 192.496384 246.133499 247.237167 287.178619
gray000005 0.004288 255.524658 239.998779 339.334351 283.548157
gray000005 0.003235 143.173935 265.086792 159.768661 291.489990
gray000005 0.002874 150.353943 304.298798 178.539886 328.392609
gray000005 0.002760 253.523117 209.548508 268.617249 219.111862
gray000005 0.002345 187.651138 296.735809 193.842972 301.501190
gray000005 0.002307 218.919189 224.940140 237.460938 233.686295
gray000005 0.002037 153.684341 263.299683 187.188461 287.173340
gray000005 0.001988 193.436417 285.097992 215.448044 300.322296
gray000005 0.001852 164.738770 289.455688 179.490509 296.237610
gray000005 0.001742 228.376770 280.513489 245.754547 294.969666
gray000005 0.001498 158.228561 252.229996 170.126419 272.656860
gray000005 0.001400 258.847961 210.498077 275.012695 228.673492
gray000005 0.001271 160.593735 5.632977 316.769348 79.735275
gray000005 0.001208 144.737885 276.701630 156.327850 291.234100
gray000005 0.001180 164.549118 260.856537 176.041000 276.955902
gray000006 0.263838 315.790192 273.135925 340.308136 292.290039
gray000007 0.909712 148.417938 271.667145 216.726471 313.133636
gray000008 0.133155 322.715088 259.758209 371.241394 306.506622
gray000008 0.011675 328.958740 266.541962 365.642944 288.717133
gray000008 0.001836 328.996094 269.671356 359.426270 314.089081
gray000008 0.001367 100.799858 220.561142 185.323120 307.655029
gray000009 0.729508 382.700928 262.174042 415.391479 279.995819
gray000009 0.006596 374.705597 261.523285 420.741302 290.385651
gray000010 0.032168 316.690216 301.466644 370.459076 354.896088
gray000010 0.028581 172.422119 257.794373 247.622467 346.610352
gray000010 0.007943 421.458466 264.155365 455.670013 333.048676
gray000010 0.007812 436.301361 281.278015 450.830475 318.367859
gray000010 0.005822 429.218597 283.820007 446.667572 316.662415
gray000010 0.003732 288.091644 269.950378 376.525848 339.619324
gray000010 0.002958 150.416412 167.575119 161.823761 175.692245
gray000010 0.002126 254.394943 303.926025 302.042175 357.197693
gray000010 0.001753 414.200470 232.526505 469.674652 364.700562
gray000010 0.001218 144.965408 168.661118 154.953018 176.397812
gray000011 0.789909 128.686676 230.636398 157.393738 255.661057
gray000012 0.940618 74.858948 260.446960 190.551941 335.856140
gray000013 0.811598 131.118134 329.765350 197.436676 397.545135
gray000014 0.825544 191.068710 234.240616 208.878983 246.368362
gray000015 0.783662 327.507660 286.701233 373.595245 329.130066
gray000015 0.044054 340.336945 293.183319 361.702911 326.127899
gray000015 0.011646 104.498077 277.643616 166.006195 326.607056
gray000016 0.921836 81.206802 236.203659 193.225449 363.275726
gray000016 0.001759 259.289642 224.651230 362.234100 331.144958
gray000016 0.001308 299.558899 262.240082 371.790894 341.198090
gray000016 0.001048 348.077881 258.060974 404.574646 333.016541
gray000017 0.266688 234.289597 287.029480 271.029297 359.894348
gray000017 0.003629 201.900024 261.822540 273.229034 346.295990
gray000017 0.002111 223.398499 282.307922 255.034485 347.712402
gray000018 0.288424 113.422943 293.791382 148.444519 322.224731
gray000019 0.001894 249.861847 133.698135 406.570770 280.571350
gray000020 0.928095 118.356728 262.244080 178.301636 320.978577
gray000021 0.776015 349.604553 310.373138 367.246094 345.466095
gray000021 0.002736 339.225281 310.890106 379.096130 345.829498
gray000022 0.498071 305.766266 291.942993 340.045074 316.159851
gray000023 0.667082 314.619354 272.504883 332.237335 295.906982
gray000024 0.864566 288.181763 288.079315 366.958862 331.998444
gray000025 0.011856 195.902878 165.472229 340.851868 252.296600
gray000026 0.850237 100.682953 277.571381 181.106384 318.532684
gray000027 0.423650 196.625061 217.995148 247.634155 286.813721
gray000027 0.132619 192.160919 207.694275 276.208221 316.421204
gray000027 0.014176 226.208893 200.706268 312.675262 292.734772
gray000027 0.001180 261.729797 171.893250 348.902222 246.274567
gray000028 0.882926 196.338562 278.781738 245.985596 348.503845
gray000028 0.001517 293.138824 320.038177 330.698944 367.977753
gray000028 0.001394 226.006836 213.442978 311.500793 265.692200
gray000029 0.876183 286.416443 259.911163 329.476135 299.434845
gray000030 0.601414 93.838577 212.977692 205.498001 323.163727
gray000031 0.908412 161.565201 328.300446 196.311356 353.432709
gray000031 0.001774 223.248383 305.065674 316.436188 368.533569
gray000032 0.720218 155.263000 239.563126 190.663879 266.824921
gray000032 0.005393 149.996613 232.909561 205.809052 274.773346
gray000033 0.041255 330.600708 189.610794 383.532288 241.883011
gray000033 0.005506 330.786743 207.093781 367.006226 232.317902
gray000033 0.003316 443.016602 241.293289 472.813110 288.358154
gray000033 0.003092 319.779236 221.365341 327.504639 232.419266
gray000033 0.002858 286.907135 187.861282 379.175079 290.896179
gray000033 0.002779 191.474274 227.848877 217.918732 246.980957
gray000034 0.944616 122.761894 238.936554 183.296570 291.099457
gray000034 0.003803 132.863907 248.566116 180.235764 277.791901
gray000034 0.002740 243.476440 295.426483 353.393311 371.348114
gray000035 0.308653 130.172974 231.121841 225.030090 322.508514
gray000035 0.013082 92.987534 249.797791 206.366165 346.716797
gray000035 0.005333 68.167686 223.242310 234.697754 389.021912
gray000035 0.002236 302.313416 307.428925 381.015198 369.802399
gray000035 0.001938 137.630386 197.903000 268.018311 357.238037
gray000035 0.001424 246.169266 346.737518 283.637390 404.938324
gray000036 0.900804 135.639832 245.432007 149.290405 254.945831
gray000036 0.199198 134.404083 241.285675 151.494110 259.110107
gray000037 0.788071 147.693481 326.185516 208.656281 388.152679
gray000037 0.013824 159.903397 328.643433 238.377823 400.652710
gray000037 0.006304 153.989609 343.339111 193.217300 373.716431
gray000038 0.637277 313.636871 296.092590 406.841278 373.632080
gray000038 0.006910 284.882568 275.748352 456.482422 394.118774
gray000038 0.002858 69.434906 253.486938 141.212830 338.531189
gray000038 0.002040 169.293549 199.060867 303.353180 294.811157
gray000038 0.001071 125.648331 304.602020 208.293991 377.412384
gray000039 0.013770 138.409470 319.444458 166.772598 361.999512
gray000039 0.005284 125.793297 309.425232 155.619125 354.635376
gray000039 0.004181 165.648621 320.836365 180.378021 358.006897
gray000039 0.002800 80.191498 346.771942 125.838226 385.852570
gray000039 0.002540 157.765671 320.339478 172.840652 359.011658
gray000039 0.001580 172.937302 323.050659 187.631271 357.257568
gray000039 0.001146 183.338745 339.841125 195.812622 354.994812
gray000040 0.618221 133.793671 219.271790 153.060120 250.911743
gray000041 0.575757 158.413803 257.810669 219.257034 306.097534
gray000041 0.001031 143.613831 243.321808 230.364227 339.391327
gray000042 0.618676 130.346634 271.993439 162.827591 297.968475
gray000042 0.029938 126.362083 269.319092 176.143860 310.807373
gray000043 0.467782 177.194534 228.797363 211.937607 290.701050
gray000043 0.006275 163.889023 216.495865 218.886642 303.921783
gray000044 0.431985 182.508453 276.866699 216.785889 305.672852
gray000045 0.735174 96.340027 254.368591 198.603943 358.268494
gray000045 0.018407 110.695389 255.638458 192.281784 312.565033
gray000045 0.006175 81.858139 230.819733 208.538986 417.544403
gray000045 0.001312 141.790482 235.840958 173.905594 254.143051
gray000046 0.008841 84.655113 164.075928 211.212433 334.590698
gray000046 0.006529 73.561020 220.581787 172.514297 319.842346
gray000046 0.004301 240.382767 192.468460 251.658707 204.865433
gray000046 0.002453 236.939407 185.255554 253.660202 209.589264
gray000046 0.002189 174.049408 240.043930 187.198395 248.105667
gray000047 0.104982 259.343323 302.721619 308.591980 365.482178
gray000047 0.004009 240.885208 240.719604 360.347443 312.325562
gray000047 0.003061 153.827255 234.459747 273.603271 308.236115
gray000047 0.001135 217.268784 270.280579 329.072174 332.001648
gray000049 0.818015 166.070938 272.484436 212.770218 315.389160
gray000050 0.748794 60.135681 251.664261 128.470993 292.060638
gray000050 0.007308 69.228600 259.283997 115.914604 282.869019
gray000051 0.667953 326.272125 276.962952 390.477692 339.471680
gray000052 0.608456 114.593254 191.715363 166.248596 236.571869
gray000052 0.317246 123.540436 203.549820 160.802429 224.704269
gray000053 0.507409 211.263947 166.280518 321.202179 245.447693
gray000053 0.011356 223.834747 146.851944 275.320862 254.757034
gray000053 0.003698 192.285065 127.461555 346.106354 280.952484
gray000054 0.879136 124.914749 243.463608 179.636154 289.514648
gray000054 0.214192 135.741119 257.929779 175.630615 281.997711
gray000054 0.005595 251.301498 295.799774 350.294312 384.189484
gray000054 0.005498 108.094940 233.875488 176.611816 310.521606
gray000055 0.764141 152.366989 228.649460 156.613235 233.189499
gray000055 0.179476 152.749603 232.401154 156.934174 235.103607
gray000055 0.034152 150.104187 228.463211 155.038666 233.032120
gray000055 0.008669 246.806808 234.188904 256.332672 242.736237
gray000055 0.003866 149.793823 231.821014 154.633636 235.383850
gray000055 0.001774 154.580154 221.079025 158.958450 227.824478
gray000055 0.001628 234.298462 233.730133 242.965118 240.360352
gray000055 0.001246 148.606506 221.876221 161.875214 237.938629
gray000055 0.001186 248.925705 238.303497 254.570450 247.835602
gray000056 0.701162 63.058563 248.324066 125.914352 289.733307
gray000056 0.035007 68.766281 258.385864 118.066116 280.614441
gray000056 0.003159 283.964661 300.118591 301.450378 333.294128
gray000057 0.961017 248.016968 219.656357 315.307312 254.137863
gray000057 0.044376 226.465485 225.638672 320.796295 318.302673
gray000058 0.739824 166.390854 225.481812 196.628494 273.386719
gray000058 0.001139 292.169403 157.831223 385.865997 268.186829
gray000059 0.953717 133.815552 255.591492 223.688507 351.044067
gray000059 0.002174 341.398651 293.837646 355.832489 322.876831
gray000059 0.002097 344.343506 298.894196 353.037048 317.471527
gray000060 0.812921 95.255875 227.337524 153.609070 273.811096
gray000060 0.008335 100.522423 240.736786 152.783127 264.071320
gray000061 0.594949 215.852539 306.932678 291.730988 363.597473
gray000061 0.002152 199.533051 281.737885 273.974121 354.890106
gray000062 0.704412 107.844528 294.548431 138.363251 321.469513
gray000063 0.624809 319.323395 275.117554 347.026886 299.361755
gray000063 0.037374 316.785614 272.135010 361.696503 312.155029
gray000063 0.001680 323.130951 279.270081 341.241425 295.632690
gray000064 0.825784 339.844940 168.835571 425.922028 271.753510
gray000064 0.001027 30.723545 245.793671 116.896667 306.094269
gray000065 0.877654 146.000305 292.938080 163.057281 304.708038
gray000065 0.001041 403.907684 213.481628 481.462799 263.365356
gray000066 0.023739 213.039139 213.304611 323.280640 315.213593
gray000066 0.001685 185.938187 102.565216 304.337524 206.020416
gray000066 0.001613 200.991241 253.084167 272.874634 315.003723
gray000067 0.655592 208.132858 349.873291 227.644363 371.208191
gray000068 0.026874 89.179382 191.506012 210.644745 286.832794
gray000068 0.025220 58.112587 177.093567 142.480927 230.654999
gray000068 0.004982 33.025223 147.475464 197.246841 322.221619
gray000069 0.651589 115.560425 216.602173 170.528625 263.347229
gray000069 0.020492 123.643288 225.985840 163.095917 254.090363
gray000069 0.003773 101.942894 193.467072 184.819702 288.343353
gray000070 0.949390 356.999725 328.722900 390.772491 349.756409
gray000071 0.002724 167.192764 356.073456 193.703049 371.453400
gray000072 0.686728 140.029831 276.483612 187.629807 324.412811
gray000072 0.335444 154.469238 282.531128 173.377045 318.420044
gray000073 0.370056 217.611191 162.987167 305.123230 203.318649
gray000073 0.368376 231.603943 230.307449 312.466187 324.933502
gray000073 0.012054 209.032028 176.955643 294.180542 212.036697
gray000073 0.010644 232.066254 198.719620 360.841644 336.246216
gray000073 0.003031 227.225815 152.128265 324.126801 188.864929
gray000073 0.002222 214.828430 199.200989 279.652771 283.870392
gray000073 0.001364 214.651764 172.023590 310.482880 236.580292
gray000074 0.001011 104.175507 209.263397 180.901428 260.889648
gray000075 0.728892 288.532043 287.937836 368.416260 372.296906
gray000075 0.001132 319.354706 290.527557 356.455048 367.644623
gray000076 0.793034 167.409332 110.510834 315.619904 292.796478
gray000076 0.030277 179.084000 177.349579 298.175659 278.625732
gray000076 0.019451 209.371033 92.111732 282.879364 280.177002
gray000077 0.001668 302.279968 229.434143 387.289368 326.846069
gray000077 0.001237 67.667908 98.341019 171.701889 209.638626
gray000078 0.709539 331.420105 227.669434 388.777649 311.151611
gray000079 0.517819 131.530899 43.174011 366.832031 365.107605
gray000079 0.087740 174.577515 105.951538 415.970459 300.768677
gray000079 0.003521 126.148567 160.268234 243.224762 246.689194
gray000079 0.003507 250.392090 249.563675 354.800110 311.943726
gray000079 0.003121 114.519493 110.077957 313.939423 267.829407
gray000080 0.354489 345.385162 251.140869 379.586945 321.755188
gray000080 0.026959 327.255768 250.246597 401.082916 334.624420
gray000081 0.955507 135.419617 263.376160 196.269958 320.965942
gray000082 0.023092 273.842133 282.990906 300.259735 305.326599
gray000083 0.257058 133.198334 324.572235 162.860168 377.345428
gray000083 0.008945 125.378014 342.153198 161.441116 369.328369
gray000083 0.007575 131.646881 330.680573 151.245850 369.739716
gray000083 0.002364 121.613731 312.832062 175.024551 384.445648
gray000083 0.001706 308.858276 317.313385 357.817566 369.486725
gray000084 0.636231 134.132889 221.655655 153.425583 252.127182
gray000085 0.953717 133.815552 255.591492 223.688507 351.044067
gray000085 0.002174 341.398651 293.837646 355.832489 322.876831
gray000085 0.002097 344.343506 298.894196 353.037048 317.471527
gray000086 0.960524 139.495605 239.981491 196.696533 287.599945
gray000086 0.001896 139.980743 252.071594 192.420258 273.540344
gray000087 0.970766 253.794479 129.520447 374.121094 248.486542
gray000087 0.073217 147.826874 128.124939 274.388458 235.411682
gray000087 0.001174 267.212006 166.328079 357.980194 223.164627
gray000087 0.001050 155.284698 98.356377 318.220306 275.781219
gray000088 0.615036 316.591217 214.477234 393.049286 263.696045
gray000089 0.752531 108.069626 262.683105 172.865097 311.097900
gray000089 0.003659 83.731628 262.139435 163.184189 343.496857
gray000089 0.001432 6.202324 428.181427 87.211136 512.000000
gray000090 0.543183 187.720490 217.848404 297.337555 321.646271
gray000090 0.048101 213.955627 251.842361 283.323700 310.309509
gray000091 0.707474 170.029358 157.301102 305.231293 273.518646
gray000091 0.002880 165.715179 184.888962 241.839783 278.141113
gray000092 0.288424 113.422943 293.791382 148.444519 322.224731
gray000093 0.557784 294.424835 207.852402 324.550385 266.195465
gray000093 0.435214 255.112396 188.518143 347.218597 281.221588
gray000093 0.026533 230.988007 169.354599 325.851105 265.498444
gray000093 0.017595 299.828796 216.646790 318.735352 256.822723
gray000093 0.006391 201.549225 186.853256 281.708557 282.459351
gray000093 0.001008 215.615814 118.734764 369.704254 301.505402
gray000094 0.004620 321.092163 263.374847 365.870483 323.364899
gray000094 0.002383 325.205994 279.982391 359.399536 303.225494
gray000095 0.784065 135.138840 249.868454 183.595230 288.676025
gray000096 0.798384 370.500183 251.956436 416.724731 289.007629
gray000096 0.003578 379.810089 255.497330 404.101593 284.928131
gray000096 0.001700 390.865021 379.880035 419.737946 397.599640
gray000097 0.883756 389.918457 319.734955 422.232056 347.374603
gray000098 0.510939 191.897278 251.309128 247.456665 316.996277
gray000098 0.053345 206.921646 234.537994 338.799194 322.672638
gray000098 0.029522 279.951660 227.995453 343.710388 265.650513
gray000099 0.106015 58.192219 236.263855 124.924225 291.460327
gray000099 0.016360 64.935745 183.711258 139.267288 284.791077
gray000099 0.001063 77.785416 191.071899 156.998840 243.715179
gray000099 0.001044 64.876129 226.867523 157.509613 302.437347
